time_95	V4_95	time_5	V4_5
0	1.049808	0	1.049795
0.015	1.049804	0.025	1.049794
0.045	1.049802	0.045	1.049793
0.075	1.049801	0.065	1.049793
0.105	1.0498	0.09	1.049793
0.135	1.049799	0.115	1.049794
0.165	1.049799	0.145	1.049794
0.195	1.049799	0.175	1.049794
0.225	1.049799	0.195	1.049795
0.255	1.0498	0.225	1.049796
0.285	1.049801	0.255	1.049798
0.31	1.049802	0.285	1.049799
0.335	1.049803	0.315	1.049801
0.365	1.049805	0.34	1.049803
0.395	1.049807	0.37	1.049806
0.425	1.04981	0.4	1.049808
0.45	1.049811	0.43	1.049811
0.47	1.049813	0.46	1.049813
0.485	1.049814	0.48	1.049815
0.51	1.049816	0.51	1.049817
0.53	1.049817	0.54	1.049819
0.55	1.049819	0.57	1.049821
0.575	1.04982	0.585	1.049822
0.605	1.049822	0.6	1.049822
0.635	1.049823	0.62	1.049823
0.665	1.049824	0.645	1.049824
0.695	1.049825	0.665	1.049824
0.725	1.049825	0.695	1.049824
0.755	1.049826	0.725	1.049824
0.785	1.049826	0.75	1.049824
0.815	1.049825	0.78	1.049823
0.845	1.049825	0.81	1.049822
0.875	1.049825	0.84	1.049821
0.905	1.049824	0.87	1.049819
0.935	1.049824	0.9	1.049818
0.965	1.049823	0.925	1.049817
0.995	1.049823	0.955	1.049815
1.02	1.049823	0.98	1.049814
1.035	1.049823	1	1.049813
1.05	1.049823	1.015	1.049813
1.065	1.049823	1.03	1.049812
1.08	1.049824	1.045	1.049812
1.095	1.049824	1.06	1.049811
1.11	1.049824	1.075	1.049811
1.125	1.049825	1.09	1.049811
1.14	1.049825	1.105	1.049811
1.155	1.049825	1.12	1.04981
1.17	1.049826	1.135	1.04981
1.185	1.049827	1.15	1.04981
1.2	1.049827	1.165	1.04981
1.215	1.049828	1.18	1.049811
1.23	1.049829	1.195	1.049811
1.245	1.049829	1.21	1.049811
1.26	1.04983	1.225	1.049811
1.275	1.049831	1.24	1.049812
1.29	1.049832	1.255	1.049812
1.305	1.049833	1.27	1.049813
1.32	1.049833	1.285	1.049813
1.335	1.049834	1.3	1.049814
1.35	1.049835	1.315	1.049814
1.365	1.049836	1.33	1.049815
1.38	1.049837	1.345	1.049815
1.395	1.049838	1.36	1.049816
1.41	1.049839	1.375	1.049817
1.425	1.049839	1.39	1.049817
1.44	1.04984	1.405	1.049818
1.455	1.049841	1.42	1.049818
1.47	1.049842	1.435	1.049819
1.485	1.049842	1.45	1.04982
1.5	1.049843	1.465	1.04982
1.515	1.049844	1.48	1.049821
1.53	1.049844	1.495	1.049821
1.545	1.049845	1.51	1.049822
1.56	1.049845	1.525	1.049822
1.575	1.049846	1.54	1.049822
1.59	1.049846	1.555	1.049823
1.605	1.049847	1.57	1.049823
1.62	1.049847	1.585	1.049823
1.635	1.049847	1.6	1.049824
1.65	1.049848	1.615	1.049824
1.665	1.049848	1.63	1.049824
1.68	1.049848	1.645	1.049824
1.695	1.049848	1.66	1.049824
1.71	1.049848	1.675	1.049824
1.725	1.049848	1.69	1.049824
1.74	1.049848	1.705	1.049824
1.755	1.049848	1.72	1.049824
1.77	1.049848	1.735	1.049824
1.785	1.049848	1.75	1.049823
1.8	1.049848	1.765	1.049823
1.815	1.049848	1.785	1.049823
1.83	1.049848	1.8	1.049823
1.845	1.049848	1.815	1.049822
1.86	1.049848	1.83	1.049822
1.875	1.049848	1.845	1.049822
1.89	1.049848	1.86	1.049821
1.905	1.049847	1.875	1.049821
1.92	1.049847	1.89	1.049821
1.935	1.049847	1.905	1.04982
1.95	1.049847	1.92	1.04982
1.965	1.049847	1.935	1.04982
1.98	1.049847	1.95	1.049819
1.995	1.049846	1.965	1.049819
2.01	1.049846	1.98	1.049819
2.025	1.049846	1.995	1.049818
2.04	1.049846	2.01	1.049818
2.055	1.049845	2.025	1.049818
2.07	1.049845	2.04	1.049818
2.085	1.049845	2.06	1.049817
2.1	1.049845	2.075	1.049817
2.115	1.049844	2.09	1.049817
2.13	1.049844	2.105	1.049817
2.145	1.049844	2.12	1.049817
2.16	1.049844	2.135	1.049816
2.175	1.049844	2.15	1.049816
2.19	1.049843	2.165	1.049816
2.205	1.049843	2.185	1.049816
2.22	1.049843	2.2	1.049816
2.235	1.049843	2.215	1.049816
2.25	1.049842	2.23	1.049816
2.265	1.049842	2.245	1.049816
2.28	1.049842	2.26	1.049816
2.295	1.049841	2.275	1.049816
2.31	1.049841	2.29	1.049816
2.325	1.049841	2.305	1.049816
2.345	1.04984	2.32	1.049817
2.36	1.04984	2.335	1.049817
2.375	1.04984	2.35	1.049817
2.39	1.049839	2.365	1.049817
2.405	1.049839	2.38	1.049817
2.42	1.049839	2.395	1.049817
2.435	1.049838	2.41	1.049817
2.45	1.049838	2.425	1.049817
2.465	1.049838	2.44	1.049817
2.48	1.049837	2.455	1.049817
2.495	1.049837	2.47	1.049818
2.51	1.049836	2.485	1.049818
2.525	1.049836	2.5	1.049818
2.54	1.049836	2.515	1.049818
2.555	1.049835	2.53	1.049818
2.57	1.049835	2.545	1.049818
2.585	1.049834	2.56	1.049818
2.6	1.049834	2.575	1.049818
2.615	1.049833	2.59	1.049818
2.63	1.049833	2.605	1.049818
2.645	1.049832	2.62	1.049817
2.66	1.049832	2.635	1.049817
2.675	1.049831	2.65	1.049817
2.69	1.049831	2.665	1.049817
2.705	1.04983	2.68	1.049817
2.72	1.04983	2.695	1.049817
2.735	1.04983	2.71	1.049816
2.75	1.049829	2.725	1.049816
2.765	1.049829	2.74	1.049816
2.78	1.049828	2.755	1.049816
2.795	1.049828	2.77	1.049816
2.81	1.049827	2.785	1.049815
2.825	1.049827	2.8	1.049815
2.84	1.049826	2.815	1.049815
2.855	1.049826	2.83	1.049814
2.87	1.049826	2.845	1.049814
2.885	1.049825	2.86	1.049814
2.9	1.049825	2.875	1.049814
2.915	1.049825	2.89	1.049813
2.93	1.049824	2.905	1.049813
2.945	1.049824	2.92	1.049813
2.96	1.049824	2.935	1.049812
2.975	1.049823	2.95	1.049812
2.99	1.049823	2.965	1.049812
3.005	1.049823	2.98	1.049812
3.02	1.049822	2.995	1.049812
3.035	1.049822	3.01	1.049811
3.05	1.049822	3.025	1.049811
3.065	1.049822	3.04	1.049811
3.08	1.049822	3.055	1.049811
3.095	1.049822	3.07	1.049811
3.11	1.049821	3.085	1.049811
3.125	1.049821	3.1	1.04981
3.14	1.049821	3.115	1.04981
3.155	1.049821	3.13	1.04981
3.17	1.049821	3.145	1.04981
3.185	1.049821	3.16	1.04981
3.2	1.049821	3.175	1.04981
3.215	1.049821	3.19	1.04981
3.23	1.049821	3.205	1.04981
3.245	1.049821	3.22	1.04981
3.26	1.049821	3.235	1.04981
3.275	1.049821	3.25	1.04981
3.29	1.049822	3.265	1.049811
3.305	1.049822	3.28	1.049811
3.32	1.049822	3.295	1.049811
3.335	1.049822	3.31	1.049811
3.35	1.049822	3.325	1.049811
3.365	1.049822	3.34	1.049811
3.38	1.049822	3.355	1.049811
3.395	1.049823	3.37	1.049811
3.41	1.049823	3.385	1.049811
3.425	1.049823	3.4	1.049812
3.44	1.049823	3.415	1.049812
3.455	1.049823	3.43	1.049812
3.47	1.049824	3.445	1.049812
3.485	1.049824	3.46	1.049812
3.5	1.049824	3.475	1.049812
3.515	1.049824	3.49	1.049812
3.53	1.049825	3.505	1.049812
3.545	1.049825	3.52	1.049813
3.56	1.049825	3.535	1.049813
3.575	1.049825	3.55	1.049813
3.59	1.049826	3.565	1.049813
3.605	1.049826	3.58	1.049813
3.62	1.049826	3.595	1.049813
3.635	1.049826	3.61	1.049813
3.65	1.049827	3.625	1.049813
3.665	1.049827	3.64	1.049813
3.68	1.049827	3.655	1.049813
3.695	1.049827	3.67	1.049813
3.71	1.049828	3.685	1.049813
3.725	1.049828	3.7	1.049813
3.74	1.049828	3.715	1.049813
3.755	1.049828	3.73	1.049813
3.77	1.049828	3.745	1.049813
3.785	1.049829	3.76	1.049813
3.8	1.049829	3.775	1.049813
3.815	1.049829	3.79	1.049813
3.83	1.049829	3.805	1.049813
3.845	1.04983	3.82	1.049813
3.86	1.04983	3.835	1.049813
3.875	1.04983	3.85	1.049813
3.89	1.04983	3.87	1.049813
3.905	1.049831	3.885	1.049813
3.92	1.049831	3.9	1.049812
3.935	1.049831	3.915	1.049812
3.95	1.049831	3.93	1.049812
3.965	1.049831	3.945	1.049812
3.98	1.049832	3.96	1.049812
3.995	1.049832	3.975	1.049812
4.01	1.049832	3.99	1.049812
4.025	1.049832	4.005	1.049812
4.04	1.049833	4.02	1.049812
4.055	1.049833	4.035	1.049812
4.07	1.049833	4.05	1.049812
4.085	1.049833	4.065	1.049812
4.1	1.049833	4.08	1.049812
4.115	1.049834	4.095	1.049812
4.13	1.049834	4.11	1.049812
4.145	1.049834	4.125	1.049813
4.16	1.049834	4.14	1.049813
4.175	1.049834	4.155	1.049813
4.19	1.049835	4.17	1.049813
4.205	1.049835	4.185	1.049813
4.22	1.049835	4.2	1.049813
4.235	1.049835	4.215	1.049813
4.25	1.049835	4.23	1.049813
4.265	1.049835	4.245	1.049813
4.28	1.049835	4.26	1.049813
4.295	1.049835	4.275	1.049813
4.31	1.049836	4.29	1.049813
4.325	1.049836	4.305	1.049813
4.34	1.049836	4.32	1.049814
4.355	1.049836	4.335	1.049814
4.37	1.049836	4.35	1.049814
4.385	1.049836	4.365	1.049814
4.4	1.049836	4.38	1.049814
4.415	1.049836	4.395	1.049814
4.43	1.049836	4.41	1.049814
4.445	1.049836	4.425	1.049814
4.46	1.049836	4.44	1.049814
4.475	1.049836	4.455	1.049814
4.49	1.049836	4.47	1.049814
4.505	1.049836	4.485	1.049814
4.52	1.049836	4.5	1.049814
4.535	1.049836	4.515	1.049814
4.55	1.049836	4.53	1.049814
4.565	1.049836	4.545	1.049814
4.58	1.049836	4.56	1.049814
4.595	1.049835	4.575	1.049814
4.61	1.049835	4.59	1.049814
4.625	1.049835	4.605	1.049814
4.64	1.049835	4.62	1.049814
4.655	1.049835	4.635	1.049814
4.67	1.049835	4.65	1.049814
4.685	1.049835	4.665	1.049814
4.7	1.049835	4.68	1.049814
4.715	1.049834	4.695	1.049814
4.73	1.049834	4.71	1.049814
4.745	1.049834	4.725	1.049814
4.76	1.049834	4.74	1.049814
4.775	1.049834	4.755	1.049814
4.79	1.049834	4.77	1.049814
4.805	1.049833	4.785	1.049814
4.82	1.049833	4.8	1.049814
4.835	1.049833	4.815	1.049814
4.85	1.049833	4.83	1.049814
4.865	1.049833	4.845	1.049814
4.88	1.049833	4.86	1.049814
4.895	1.049832	4.875	1.049814
4.91	1.049832	4.89	1.049813
4.925	1.049832	4.905	1.049813
4.94	1.049832	4.92	1.049813
4.955	1.049832	4.935	1.049813
4.97	1.049831	4.95	1.049813
4.985	1.049831	4.965	1.049813
5	1.049831	4.98	1.049813
5.015	0.006234	4.995	1.049813
5.03	0.005647	5.01	0.006616
5.045	0.005543	5.025	0.006195
5.06	0.00556	5.04	0.005986
5.075	0.005587	5.055	0.006181
5.1	0.005622	5.07	0.00634
5.115	0.934327	5.085	0.006449
5.13	0.945354	5.1	0.899601
5.145	0.942528	5.115	1.068262
5.16	0.937399	5.13	1.076815
5.175	0.93241	5.145	1.068159
5.19	0.927617	5.165	1.047404
5.21	0.9216	5.18	1.029308
5.225	0.917651	5.195	1.012874
5.245	0.913147	5.21	0.998727
5.26	0.910466	5.225	0.986748
5.28	0.90789	5.245	0.974463
5.3	0.906679	5.27	0.964318
5.325	0.907208	5.29	0.959592
5.345	0.909205	5.305	0.957986
5.37	0.913386	5.32	0.958321
5.385	0.916887	5.335	0.959913
5.405	0.922656	5.355	0.963246
5.42	0.927625	5.375	0.967867
5.44	0.935071	5.395	0.973493
5.46	0.943385	5.41	0.978223
5.48	0.952346	5.435	0.986799
5.5	0.961771	5.455	0.993548
5.52	0.971431	5.475	1.00017
5.545	0.98336	5.49	1.005278
5.565	0.992689	5.515	1.013622
5.59	1.003916	5.545	1.023142
5.615	1.014448	5.57	1.030473
5.635	1.022007	5.595	1.037144
5.665	1.031933	5.62	1.043099
5.695	1.040326	5.65	1.049274
5.72	1.046234	5.675	1.053634
5.74	1.049965	5.7	1.057322
5.765	1.054108	5.73	1.060936
5.78	1.056147	5.76	1.063756
5.8	1.056822	5.79	1.065862
5.82	1.055526	5.82	1.067313
5.84	1.057177	5.85	1.06815
5.855	1.05649	5.88	1.068399
5.87	1.056573	5.905	1.06818
5.89	1.056485	5.935	1.067445
5.92	1.056893	5.96	1.066487
5.945	1.056655	5.985	1.065273
5.96	1.056334	6.01	1.063875
5.985	1.055403	6.035	1.062373
6.01	1.054072	6.065	1.060568
6.03	1.052895	6.095	1.058919
6.05	1.05178	6.125	1.057579
6.075	1.050364	6.15	1.056788
6.1	1.049108	6.175	1.056353
6.125	1.048163	6.2	1.056307
6.155	1.047629	6.23	1.056783
6.185	1.047922	6.26	1.057822
6.21	1.04888	6.285	1.059081
6.235	1.050513	6.31	1.060648
6.265	1.05334	6.34	1.062848
6.285	1.055707	6.37	1.065285
6.305	1.057208	6.4	1.067829
6.325	1.056316	6.425	1.06994
6.35	1.057469	6.455	1.07236
6.37	1.058202	6.48	1.074214
6.385	1.057976	6.505	1.075868
6.4	1.059062	6.53	1.077286
6.42	1.05845	6.555	1.078448
6.44	1.058902	6.58	1.077362
6.455	1.059271	6.605	1.078351
6.475	1.059274	6.63	1.079124
6.49	1.059925	6.65	1.077566
6.51	1.059828	6.68	1.07827
6.53	1.059324	6.705	1.07843
6.545	1.05982	6.735	1.078192
6.56	1.060173	6.765	1.077583
6.575	1.059881	6.795	1.07668
6.595	1.05995	6.825	1.075547
6.61	1.059784	6.855	1.074235
6.625	1.060215	6.885	1.072793
6.64	1.060688	6.915	1.071268
6.655	1.059423	6.945	1.069707
6.675	1.060055	6.975	1.068158
6.69	1.059722	7.005	1.066667
6.705	1.059072	7.035	1.065276
6.725	1.05996	7.065	1.064022
6.745	1.059767	7.095	1.062932
6.76	1.058687	7.125	1.062024
6.78	1.059055	7.155	1.061304
6.795	1.059005	7.185	1.06077
6.815	1.059141	7.215	1.060405
6.835	1.059185	7.245	1.060189
6.85	1.058092	7.27	1.060099
6.875	1.058256	7.295	1.060071
6.89	1.057956	7.325	1.06009
6.915	1.05805	7.355	1.06013
6.94	1.058161	7.385	1.060156
6.96	1.057373	7.41	1.060143
6.985	1.058537	7.44	1.060062
7.01	1.058185	7.465	1.059922
7.025	1.056937	7.49	1.059705
7.05	1.058554	7.52	1.059335
7.075	1.057814	7.55	1.058833
7.09	1.057917	7.58	1.058195
7.11	1.057367	7.61	1.057422
7.13	1.058087	7.64	1.056514
7.15	1.058001	7.67	1.055479
7.165	1.058349	7.7	1.054324
7.185	1.058694	7.73	1.053062
7.205	1.058204	7.76	1.051708
7.225	1.057392	7.79	1.05028
7.24	1.058581	7.82	1.048801
7.26	1.058473	7.85	1.047297
7.275	1.058403	7.88	1.045798
7.295	1.058073	7.91	1.044335
7.315	1.058665	7.94	1.042942
7.33	1.058364	7.97	1.041651
7.345	1.057531	8	1.040494
7.365	1.057837	8.03	1.039501
7.385	1.057958	8.06	1.038693
7.4	1.057755	8.09	1.038092
7.42	1.057631	8.12	1.037707
7.44	1.057377	8.15	1.037545
7.465	1.05781	8.18	1.037603
7.49	1.057188	8.21	1.037871
7.52	1.057172	8.24	1.038334
7.55	1.056828	8.27	1.038969
7.575	1.056346	8.3	1.039749
7.605	1.055591	8.33	1.040645
7.63	1.055182	8.36	1.041624
7.65	1.054728	8.39	1.042651
7.665	1.05441	8.42	1.043693
7.685	1.053981	8.45	1.04472
7.705	1.05346	8.48	1.045701
7.73	1.052866	8.51	1.04661
7.755	1.052399	8.54	1.047427
7.77	1.052058	8.57	1.048133
7.795	1.051559	8.6	1.048717
7.815	1.051084	8.63	1.049171
7.84	1.050667	8.655	1.049447
7.865	1.050256	8.685	1.049656
7.885	1.049961	8.715	1.049739
7.9	1.049738	8.745	1.049702
7.915	1.049533	8.775	1.04956
7.935	1.04925	8.805	1.049328
7.955	1.048992	8.835	1.049024
7.975	1.048843	8.865	1.048671
7.995	1.048719	8.895	1.048289
8.02	1.048492	8.925	1.047902
8.04	1.048325	8.955	1.047531
8.055	1.048291	8.985	1.047197
8.075	1.048243	9.015	1.046918
8.1	1.048119	9.045	1.046708
8.125	1.048061	9.075	1.046576
8.145	1.048051	9.105	1.046529
8.165	1.04808	9.135	1.046568
8.185	1.048131	9.165	1.046688
8.21	1.048144	9.195	1.046882
8.235	1.048279	9.225	1.047137
8.265	1.048387	9.255	1.04744
8.285	1.048575	9.285	1.047773
8.315	1.04876	9.315	1.048119
8.345	1.048978	9.345	1.04846
8.375	1.04922	9.375	1.04878
8.405	1.049475	9.405	1.049061
8.435	1.04973	9.435	1.049291
8.465	1.049978	9.465	1.049457
8.495	1.050206	9.495	1.049551
8.525	1.050404	9.52	1.049569
8.555	1.050564	9.55	1.049517
8.585	1.05068	9.58	1.049383
8.615	1.050749	9.61	1.049169
8.645	1.050767	9.64	1.048879
8.675	1.050736	9.67	1.048521
8.7	1.050674	9.7	1.048104
8.73	1.05056	9.73	1.047639
8.76	1.050409	9.76	1.047137
8.79	1.050227	9.79	1.046611
8.82	1.050024	9.82	1.046076
8.85	1.049806	9.85	1.045545
8.88	1.049583	9.88	1.04503
8.905	1.049399	9.91	1.044545
8.935	1.049185	9.94	1.0441
8.965	1.048984	9.97	1.043703
8.995	1.0488	10	1.043363
9.025	1.048634		
9.055	1.048485		
9.085	1.048351		
9.115	1.048227		
9.145	1.048106		
9.175	1.04798		
9.205	1.04784		
9.235	1.047677		
9.265	1.047481		
9.295	1.047244		
9.325	1.046958		
9.355	1.046619		
9.385	1.046222		
9.405	1.046014		
9.435	1.045517		
9.465	1.044961		
9.485	1.04465		
9.515	1.044008		
9.535	1.043644		
9.555	1.043245		
9.585	1.042538		
9.605	1.042129		
9.625	1.041714		
9.645	1.041293		
9.665	1.040878		
9.69	1.040413		
9.715	1.039834		
9.735	1.039526		
9.76	1.039037		
9.785	1.038608		
9.805	1.038373		
9.825	1.038074		
9.845	1.037889		
9.865	1.037636		
9.885	1.037438		
9.905	1.037329		
9.93	1.037179		
9.95	1.037059		
9.975	1.036934		
9.995	1.036946		
