time_95	V1_95	time_5	V1_5
0	1.002769	0	1.002771
0.005	1.002765	0.005	1.002772
0.005	1.002765	0.005	1.002772
0.01	1.002764	0.01	1.002773
0.01	1.002764	0.01	1.002773
0.015	1.002763	0.015	1.002773
0.015	1.002763	0.015	1.002773
0.02	1.002763	0.02	1.002773
0.025	1.002762	0.02	1.002773
0.03	1.002762	0.025	1.002773
0.035	1.002761	0.025	1.002773
0.04	1.002761	0.03	1.002773
0.045	1.00276	0.035	1.002773
0.05	1.00276	0.04	1.002773
0.055	1.002759	0.045	1.002773
0.06	1.002759	0.05	1.002773
0.065	1.002759	0.055	1.002773
0.07	1.002758	0.06	1.002773
0.075	1.002758	0.065	1.002773
0.08	1.002757	0.07	1.002773
0.085	1.002757	0.075	1.002773
0.09	1.002757	0.08	1.002773
0.095	1.002756	0.085	1.002773
0.1	1.002756	0.09	1.002773
0.105	1.002756	0.095	1.002773
0.11	1.002755	0.1	1.002773
0.115	1.002755	0.105	1.002773
0.12	1.002755	0.11	1.002773
0.125	1.002754	0.115	1.002773
0.13	1.002754	0.12	1.002773
0.135	1.002754	0.125	1.002773
0.14	1.002754	0.125	1.002773
0.145	1.002753	0.13	1.002773
0.15	1.002753	0.135	1.002773
0.155	1.002753	0.14	1.002773
0.16	1.002753	0.14	1.002773
0.165	1.002752	0.145	1.002773
0.17	1.002752	0.15	1.002773
0.175	1.002752	0.155	1.002773
0.18	1.002752	0.155	1.002773
0.185	1.002751	0.16	1.002773
0.19	1.002751	0.16	1.002773
0.195	1.002751	0.165	1.002773
0.2	1.002751	0.17	1.002773
0.205	1.00275	0.17	1.002773
0.21	1.00275	0.175	1.002773
0.215	1.00275	0.175	1.002773
0.22	1.00275	0.18	1.002773
0.225	1.00275	0.185	1.002774
0.23	1.00275	0.19	1.002774
0.235	1.002749	0.19	1.002774
0.24	1.002749	0.195	1.002774
0.245	1.002749	0.195	1.002774
0.25	1.002749	0.2	1.002774
0.255	1.002749	0.205	1.002774
0.26	1.002749	0.21	1.002774
0.265	1.002748	0.215	1.002774
0.27	1.002748	0.215	1.002774
0.275	1.002748	0.22	1.002774
0.28	1.002748	0.225	1.002774
0.285	1.002748	0.225	1.002774
0.29	1.002748	0.23	1.002774
0.295	1.002748	0.235	1.002774
0.295	1.002748	0.235	1.002774
0.3	1.002748	0.24	1.002774
0.305	1.002747	0.24	1.002774
0.31	1.002747	0.245	1.002774
0.315	1.002747	0.245	1.002774
0.315	1.002747	0.25	1.002774
0.32	1.002747	0.25	1.002774
0.325	1.002747	0.255	1.002774
0.33	1.002747	0.255	1.002774
0.335	1.002747	0.26	1.002774
0.34	1.002747	0.26	1.002774
0.345	1.002747	0.265	1.002774
0.35	1.002747	0.265	1.002774
0.355	1.002746	0.27	1.002774
0.36	1.002746	0.27	1.002774
0.365	1.002746	0.275	1.002774
0.37	1.002746	0.275	1.002774
0.375	1.002746	0.28	1.002774
0.38	1.002746	0.28	1.002774
0.385	1.002746	0.285	1.002774
0.39	1.002746	0.285	1.002774
0.395	1.002746	0.29	1.002775
0.4	1.002746	0.29	1.002775
0.405	1.002746	0.295	1.002775
0.41	1.002746	0.3	1.002775
0.415	1.002746	0.3	1.002775
0.42	1.002746	0.305	1.002775
0.425	1.002746	0.305	1.002775
0.43	1.002746	0.31	1.002775
0.435	1.002746	0.315	1.002775
0.44	1.002746	0.315	1.002775
0.445	1.002746	0.32	1.002775
0.45	1.002746	0.32	1.002775
0.455	1.002746	0.325	1.002775
0.455	1.002746	0.325	1.002775
0.46	1.002746	0.33	1.002775
0.465	1.002746	0.33	1.002775
0.47	1.002746	0.335	1.002775
0.475	1.002746	0.335	1.002775
0.48	1.002746	0.34	1.002775
0.485	1.002746	0.34	1.002775
0.49	1.002746	0.345	1.002775
0.49	1.002746	0.345	1.002775
0.495	1.002746	0.35	1.002775
0.5	1.002746	0.35	1.002775
0.505	1.002746	0.355	1.002775
0.51	1.002746	0.355	1.002775
0.51	1.002746	0.36	1.002775
0.515	1.002746	0.36	1.002775
0.52	1.002746	0.365	1.002775
0.525	1.002746	0.365	1.002775
0.53	1.002746	0.37	1.002775
0.53	1.002746	0.37	1.002775
0.535	1.002746	0.375	1.002775
0.535	1.002746	0.375	1.002775
0.54	1.002746	0.38	1.002775
0.54	1.002746	0.38	1.002775
0.545	1.002746	0.385	1.002775
0.55	1.002746	0.385	1.002775
0.555	1.002746	0.39	1.002776
0.56	1.002746	0.39	1.002776
0.565	1.002746	0.395	1.002776
0.565	1.002746	0.395	1.002776
0.57	1.002746	0.4	1.002776
0.575	1.002746	0.4	1.002776
0.575	1.002746	0.405	1.002776
0.58	1.002746	0.405	1.002776
0.58	1.002746	0.41	1.002776
0.585	1.002746	0.41	1.002776
0.59	1.002746	0.415	1.002776
0.59	1.002746	0.415	1.002776
0.595	1.002746	0.42	1.002776
0.6	1.002746	0.42	1.002776
0.605	1.002746	0.425	1.002776
0.605	1.002746	0.425	1.002776
0.61	1.002747	0.43	1.002776
0.615	1.002747	0.43	1.002776
0.62	1.002747	0.435	1.002776
0.625	1.002747	0.435	1.002776
0.63	1.002747	0.44	1.002776
0.635	1.002747	0.44	1.002776
0.64	1.002747	0.445	1.002776
0.645	1.002747	0.445	1.002776
0.65	1.002747	0.45	1.002776
0.655	1.002747	0.45	1.002776
0.66	1.002747	0.455	1.002776
0.665	1.002748	0.455	1.002776
0.67	1.002748	0.46	1.002776
0.675	1.002748	0.46	1.002776
0.68	1.002748	0.465	1.002776
0.685	1.002748	0.465	1.002776
0.69	1.002748	0.47	1.002776
0.695	1.002748	0.47	1.002776
0.7	1.002748	0.475	1.002777
0.705	1.002748	0.475	1.002777
0.71	1.002749	0.48	1.002777
0.715	1.002749	0.48	1.002777
0.72	1.002749	0.485	1.002777
0.725	1.002749	0.485	1.002777
0.73	1.002749	0.49	1.002777
0.735	1.002749	0.49	1.002777
0.74	1.002749	0.495	1.002777
0.745	1.002749	0.495	1.002777
0.75	1.00275	0.5	1.002777
0.755	1.00275	0.5	1.002777
0.76	1.00275	0.505	1.002777
0.765	1.00275	0.505	1.002777
0.77	1.00275	0.51	1.002777
0.775	1.00275	0.51	1.002777
0.78	1.00275	0.515	1.002777
0.785	1.00275	0.515	1.002777
0.79	1.002751	0.52	1.002777
0.795	1.002751	0.52	1.002777
0.8	1.002751	0.525	1.002777
0.805	1.002751	0.525	1.002777
0.805	1.002751	0.53	1.002777
0.81	1.002751	0.53	1.002777
0.81	1.002751	0.535	1.002777
0.815	1.002751	0.535	1.002777
0.815	1.002751	0.54	1.002777
0.82	1.002751	0.54	1.002777
0.82	1.002751	0.545	1.002777
0.825	1.002752	0.545	1.002777
0.825	1.002752	0.55	1.002778
0.83	1.002752	0.55	1.002778
0.83	1.002752	0.555	1.002778
0.835	1.002752	0.555	1.002778
0.835	1.002752	0.56	1.002778
0.84	1.002752	0.56	1.002778
0.84	1.002752	0.565	1.002778
0.845	1.002752	0.565	1.002778
0.845	1.002752	0.57	1.002778
0.85	1.002752	0.57	1.002778
0.85	1.002752	0.575	1.002778
0.855	1.002752	0.575	1.002778
0.855	1.002752	0.58	1.002778
0.86	1.002753	0.58	1.002778
0.86	1.002753	0.585	1.002778
0.865	1.002753	0.585	1.002778
0.865	1.002753	0.59	1.002778
0.87	1.002753	0.59	1.002778
0.87	1.002753	0.595	1.002778
0.875	1.002753	0.595	1.002778
0.875	1.002753	0.6	1.002778
0.88	1.002753	0.6	1.002778
0.88	1.002753	0.605	1.002778
0.885	1.002753	0.605	1.002778
0.885	1.002753	0.61	1.002779
0.89	1.002754	0.61	1.002779
0.89	1.002754	0.615	1.002779
0.895	1.002754	0.615	1.002779
0.895	1.002754	0.62	1.002779
0.9	1.002754	0.62	1.002779
0.9	1.002754	0.625	1.002779
0.905	1.002754	0.625	1.002779
0.905	1.002754	0.63	1.002779
0.91	1.002754	0.63	1.002779
0.91	1.002754	0.635	1.002779
0.915	1.002754	0.635	1.002779
0.915	1.002754	0.64	1.002779
0.92	1.002754	0.64	1.002779
0.92	1.002754	0.645	1.002779
0.925	1.002755	0.645	1.002779
0.925	1.002755	0.65	1.002779
0.93	1.002755	0.65	1.002779
0.93	1.002755	0.655	1.002779
0.935	1.002755	0.655	1.002779
0.935	1.002755	0.66	1.002779
0.94	1.002755	0.66	1.002779
0.94	1.002755	0.665	1.002779
0.945	1.002755	0.665	1.002779
0.945	1.002755	0.67	1.00278
0.95	1.002755	0.67	1.00278
0.95	1.002755	0.675	1.00278
0.955	1.002755	0.675	1.00278
0.955	1.002755	0.68	1.00278
0.96	1.002756	0.68	1.00278
0.96	1.002756	0.685	1.00278
0.965	1.002756	0.685	1.00278
0.965	1.002756	0.69	1.00278
0.97	1.002756	0.69	1.00278
0.97	1.002756	0.695	1.00278
0.975	1.002756	0.695	1.00278
0.975	1.002756	0.7	1.00278
0.98	1.002756	0.7	1.00278
0.98	1.002756	0.705	1.00278
0.985	1.002756	0.705	1.00278
0.985	1.002756	0.71	1.00278
0.99	1.002756	0.71	1.00278
0.99	1.002756	0.715	1.00278
0.995	1.002757	0.715	1.00278
0.995	1.002757	0.72	1.002781
1	1.002757	0.72	1.002781
1	1.002757	0.725	1.002781
1.005	1.002757	0.725	1.002781
1.005	1.002757	0.73	1.002781
1.01	1.002757	0.73	1.002781
1.01	1.002757	0.735	1.002781
1.015	1.002757	0.735	1.002781
1.015	1.002757	0.74	1.002781
1.02	1.002757	0.74	1.002781
1.02	1.002757	0.745	1.002781
1.025	1.002757	0.745	1.002781
1.025	1.002757	0.75	1.002781
1.03	1.002758	0.75	1.002781
1.03	1.002758	0.755	1.002781
1.035	1.002758	0.755	1.002781
1.035	1.002758	0.76	1.002781
1.04	1.002758	0.76	1.002781
1.04	1.002758	0.765	1.002781
1.045	1.002758	0.765	1.002781
1.045	1.002758	0.77	1.002782
1.05	1.002758	0.77	1.002782
1.05	1.002758	0.775	1.002782
1.055	1.002758	0.775	1.002782
1.055	1.002758	0.78	1.002782
1.06	1.002758	0.78	1.002782
1.06	1.002758	0.785	1.002782
1.065	1.002759	0.785	1.002782
1.065	1.002759	0.79	1.002782
1.07	1.002759	0.79	1.002782
1.07	1.002759	0.795	1.002782
1.075	1.002759	0.795	1.002782
1.075	1.002759	0.8	1.002782
1.08	1.002759	0.8	1.002782
1.08	1.002759	0.805	1.002782
1.085	1.002759	0.805	1.002782
1.085	1.002759	0.81	1.002782
1.09	1.002759	0.81	1.002782
1.09	1.002759	0.815	1.002782
1.095	1.002759	0.815	1.002782
1.095	1.002759	0.82	1.002782
1.1	1.00276	0.82	1.002782
1.1	1.00276	0.825	1.002783
1.105	1.00276	0.825	1.002783
1.105	1.00276	0.83	1.002783
1.11	1.00276	0.83	1.002783
1.11	1.00276	0.835	1.002783
1.115	1.00276	0.835	1.002783
1.115	1.00276	0.84	1.002783
1.12	1.00276	0.84	1.002783
1.12	1.00276	0.845	1.002783
1.125	1.00276	0.845	1.002783
1.125	1.00276	0.85	1.002783
1.13	1.00276	0.85	1.002783
1.13	1.00276	0.855	1.002783
1.135	1.002761	0.855	1.002783
1.135	1.002761	0.86	1.002783
1.14	1.002761	0.86	1.002783
1.14	1.002761	0.865	1.002783
1.145	1.002761	0.865	1.002783
1.145	1.002761	0.87	1.002783
1.15	1.002761	0.87	1.002783
1.15	1.002761	0.875	1.002783
1.155	1.002761	0.875	1.002783
1.155	1.002761	0.88	1.002784
1.16	1.002761	0.88	1.002784
1.16	1.002761	0.885	1.002784
1.165	1.002761	0.885	1.002784
1.165	1.002761	0.89	1.002784
1.17	1.002761	0.89	1.002784
1.17	1.002761	0.895	1.002784
1.175	1.002762	0.895	1.002784
1.175	1.002762	0.9	1.002784
1.18	1.002762	0.9	1.002784
1.18	1.002762	0.905	1.002784
1.185	1.002762	0.905	1.002784
1.185	1.002762	0.91	1.002784
1.19	1.002762	0.91	1.002784
1.19	1.002762	0.915	1.002784
1.195	1.002762	0.915	1.002784
1.195	1.002762	0.92	1.002784
1.2	1.002762	0.92	1.002784
1.2	1.002762	0.925	1.002784
1.205	1.002762	0.925	1.002784
1.205	1.002762	0.93	1.002784
1.21	1.002762	0.93	1.002784
1.21	1.002762	0.935	1.002784
1.215	1.002763	0.935	1.002784
1.215	1.002763	0.94	1.002784
1.22	1.002763	0.94	1.002784
1.22	1.002763	0.945	1.002785
1.225	1.002763	0.945	1.002785
1.225	1.002763	0.95	1.002785
1.23	1.002763	0.95	1.002785
1.23	1.002763	0.955	1.002785
1.235	1.002763	0.955	1.002785
1.235	1.002763	0.96	1.002785
1.24	1.002763	0.96	1.002785
1.24	1.002763	0.965	1.002785
1.245	1.002763	0.965	1.002785
1.245	1.002763	0.97	1.002785
1.25	1.002764	0.97	1.002785
1.25	1.002764	0.975	1.002785
1.255	1.002764	0.975	1.002785
1.255	1.002764	0.98	1.002785
1.26	1.002764	0.98	1.002785
1.26	1.002764	0.985	1.002785
1.265	1.002764	0.985	1.002785
1.265	1.002764	0.99	1.002785
1.27	1.002764	0.99	1.002785
1.27	1.002764	0.995	1.002785
1.275	1.002764	0.995	1.002785
1.275	1.002764	1	1.002785
1.28	1.002764	1	1.002785
1.28	1.002764	1.005	1.002785
1.285	1.002764	1.005	1.002785
1.285	1.002764	1.01	1.002785
1.29	1.002765	1.01	1.002785
1.29	1.002765	1.015	1.002785
1.295	1.002765	1.015	1.002785
1.295	1.002765	1.02	1.002785
1.3	1.002765	1.02	1.002785
1.3	1.002765	1.025	1.002785
1.305	1.002765	1.025	1.002785
1.305	1.002765	1.03	1.002786
1.31	1.002765	1.03	1.002786
1.31	1.002765	1.035	1.002786
1.315	1.002765	1.035	1.002786
1.315	1.002765	1.04	1.002786
1.32	1.002765	1.04	1.002786
1.32	1.002765	1.045	1.002786
1.325	1.002765	1.045	1.002786
1.325	1.002765	1.05	1.002786
1.33	1.002766	1.05	1.002786
1.33	1.002766	1.055	1.002786
1.335	1.002766	1.055	1.002786
1.335	1.002766	1.06	1.002786
1.34	1.002766	1.06	1.002786
1.34	1.002766	1.065	1.002786
1.345	1.002766	1.065	1.002786
1.345	1.002766	1.07	1.002786
1.35	1.002766	1.07	1.002786
1.35	1.002766	1.075	1.002786
1.355	1.002766	1.075	1.002786
1.355	1.002766	1.08	1.002786
1.36	1.002766	1.08	1.002786
1.36	1.002766	1.085	1.002786
1.365	1.002766	1.085	1.002786
1.365	1.002766	1.09	1.002786
1.37	1.002767	1.09	1.002786
1.37	1.002767	1.095	1.002786
1.375	1.002767	1.095	1.002786
1.375	1.002767	1.1	1.002786
1.38	1.002767	1.1	1.002786
1.38	1.002767	1.105	1.002786
1.385	1.002767	1.105	1.002786
1.385	1.002767	1.11	1.002786
1.39	1.002767	1.11	1.002786
1.39	1.002767	1.115	1.002786
1.395	1.002767	1.115	1.002786
1.395	1.002767	1.12	1.002786
1.4	1.002767	1.12	1.002786
1.4	1.002767	1.125	1.002786
1.405	1.002767	1.125	1.002786
1.405	1.002767	1.13	1.002786
1.41	1.002767	1.13	1.002786
1.41	1.002767	1.135	1.002786
1.415	1.002768	1.135	1.002786
1.415	1.002768	1.14	1.002786
1.42	1.002768	1.14	1.002786
1.42	1.002768	1.145	1.002786
1.425	1.002768	1.145	1.002786
1.425	1.002768	1.15	1.002786
1.43	1.002768	1.15	1.002786
1.43	1.002768	1.155	1.002786
1.435	1.002768	1.155	1.002786
1.435	1.002768	1.16	1.002786
1.44	1.002768	1.16	1.002786
1.44	1.002768	1.165	1.002786
1.445	1.002768	1.165	1.002786
1.445	1.002768	1.17	1.002786
1.45	1.002768	1.17	1.002786
1.45	1.002768	1.175	1.002786
1.455	1.002769	1.175	1.002786
1.455	1.002769	1.18	1.002786
1.46	1.002769	1.18	1.002786
1.46	1.002769	1.185	1.002786
1.465	1.002769	1.185	1.002786
1.465	1.002769	1.19	1.002786
1.47	1.002769	1.19	1.002786
1.47	1.002769	1.195	1.002786
1.475	1.002769	1.195	1.002786
1.475	1.002769	1.2	1.002786
1.48	1.002769	1.2	1.002786
1.48	1.002769	1.205	1.002786
1.485	1.002769	1.205	1.002786
1.485	1.002769	1.21	1.002786
1.49	1.002769	1.21	1.002786
1.49	1.002769	1.215	1.002786
1.495	1.002769	1.215	1.002786
1.495	1.002769	1.22	1.002786
1.5	1.00277	1.22	1.002786
1.5	1.00277	1.225	1.002786
1.505	1.00277	1.225	1.002786
1.505	1.00277	1.23	1.002786
1.51	1.00277	1.23	1.002786
1.51	1.00277	1.235	1.002786
1.515	1.00277	1.235	1.002786
1.515	1.00277	1.24	1.002786
1.52	1.00277	1.24	1.002786
1.52	1.00277	1.245	1.002786
1.525	1.00277	1.245	1.002786
1.525	1.00277	1.25	1.002786
1.53	1.00277	1.25	1.002786
1.53	1.00277	1.255	1.002786
1.535	1.00277	1.255	1.002786
1.535	1.00277	1.26	1.002786
1.54	1.00277	1.26	1.002786
1.54	1.00277	1.265	1.002786
1.545	1.00277	1.265	1.002786
1.545	1.00277	1.27	1.002786
1.55	1.002771	1.27	1.002786
1.55	1.002771	1.275	1.002786
1.555	1.002771	1.275	1.002786
1.555	1.002771	1.28	1.002786
1.56	1.002771	1.28	1.002786
1.56	1.002771	1.285	1.002786
1.565	1.002771	1.285	1.002786
1.565	1.002771	1.29	1.002786
1.57	1.002771	1.29	1.002786
1.57	1.002771	1.295	1.002786
1.575	1.002771	1.295	1.002786
1.575	1.002771	1.3	1.002786
1.58	1.002771	1.3	1.002786
1.58	1.002771	1.305	1.002786
1.585	1.002771	1.305	1.002786
1.585	1.002771	1.31	1.002786
1.59	1.002771	1.31	1.002786
1.59	1.002771	1.315	1.002786
1.595	1.002771	1.315	1.002786
1.595	1.002771	1.32	1.002786
1.6	1.002772	1.32	1.002786
1.6	1.002772	1.325	1.002786
1.605	1.002772	1.325	1.002786
1.605	1.002772	1.33	1.002786
1.61	1.002772	1.33	1.002786
1.61	1.002772	1.335	1.002786
1.615	1.002772	1.335	1.002786
1.615	1.002772	1.34	1.002786
1.62	1.002772	1.34	1.002786
1.62	1.002772	1.345	1.002786
1.625	1.002772	1.345	1.002786
1.625	1.002772	1.35	1.002786
1.63	1.002772	1.35	1.002786
1.63	1.002772	1.355	1.002786
1.635	1.002772	1.355	1.002786
1.635	1.002772	1.36	1.002786
1.64	1.002772	1.36	1.002786
1.64	1.002772	1.365	1.002786
1.645	1.002772	1.365	1.002786
1.645	1.002772	1.37	1.002786
1.65	1.002772	1.37	1.002786
1.65	1.002772	1.375	1.002786
1.655	1.002772	1.375	1.002786
1.655	1.002772	1.38	1.002786
1.66	1.002772	1.38	1.002786
1.66	1.002772	1.385	1.002786
1.665	1.002772	1.385	1.002786
1.665	1.002772	1.39	1.002786
1.67	1.002773	1.39	1.002786
1.67	1.002773	1.395	1.002786
1.675	1.002773	1.395	1.002786
1.675	1.002773	1.4	1.002786
1.68	1.002773	1.4	1.002786
1.68	1.002773	1.405	1.002786
1.685	1.002773	1.405	1.002786
1.685	1.002773	1.41	1.002786
1.69	1.002773	1.41	1.002786
1.69	1.002773	1.415	1.002786
1.695	1.002773	1.415	1.002786
1.695	1.002773	1.42	1.002786
1.7	1.002773	1.42	1.002786
1.7	1.002773	1.425	1.002786
1.705	1.002773	1.425	1.002786
1.705	1.002773	1.43	1.002786
1.71	1.002773	1.43	1.002786
1.71	1.002773	1.435	1.002786
1.715	1.002773	1.435	1.002786
1.715	1.002773	1.44	1.002786
1.72	1.002773	1.44	1.002786
1.72	1.002773	1.445	1.002786
1.725	1.002773	1.445	1.002786
1.725	1.002773	1.45	1.002786
1.73	1.002773	1.45	1.002786
1.73	1.002773	1.455	1.002786
1.735	1.002773	1.455	1.002786
1.735	1.002773	1.46	1.002786
1.74	1.002773	1.46	1.002786
1.74	1.002773	1.465	1.002786
1.745	1.002773	1.465	1.002786
1.745	1.002773	1.47	1.002786
1.75	1.002773	1.47	1.002786
1.75	1.002773	1.475	1.002786
1.755	1.002773	1.475	1.002786
1.755	1.002773	1.48	1.002786
1.76	1.002773	1.48	1.002786
1.76	1.002773	1.485	1.002786
1.765	1.002773	1.485	1.002786
1.765	1.002773	1.49	1.002786
1.77	1.002773	1.49	1.002786
1.77	1.002773	1.495	1.002786
1.775	1.002773	1.495	1.002786
1.775	1.002773	1.5	1.002786
1.78	1.002773	1.5	1.002786
1.78	1.002773	1.505	1.002786
1.785	1.002773	1.505	1.002786
1.785	1.002773	1.51	1.002786
1.79	1.002773	1.51	1.002786
1.79	1.002773	1.515	1.002786
1.795	1.002773	1.515	1.002786
1.795	1.002773	1.52	1.002786
1.8	1.002773	1.52	1.002786
1.8	1.002773	1.525	1.002786
1.805	1.002773	1.525	1.002786
1.805	1.002773	1.53	1.002786
1.81	1.002773	1.53	1.002786
1.81	1.002773	1.535	1.002786
1.815	1.002773	1.535	1.002786
1.815	1.002773	1.54	1.002786
1.82	1.002773	1.54	1.002786
1.82	1.002773	1.545	1.002786
1.825	1.002773	1.545	1.002786
1.825	1.002773	1.55	1.002786
1.83	1.002773	1.55	1.002786
1.83	1.002773	1.555	1.002786
1.835	1.002773	1.555	1.002786
1.835	1.002773	1.56	1.002786
1.84	1.002773	1.56	1.002786
1.84	1.002773	1.565	1.002786
1.845	1.002773	1.565	1.002786
1.845	1.002773	1.57	1.002786
1.85	1.002773	1.57	1.002786
1.85	1.002773	1.575	1.002786
1.855	1.002773	1.575	1.002786
1.855	1.002773	1.58	1.002786
1.86	1.002773	1.58	1.002786
1.86	1.002773	1.585	1.002786
1.865	1.002773	1.585	1.002786
1.865	1.002773	1.59	1.002786
1.87	1.002773	1.59	1.002786
1.87	1.002773	1.595	1.002786
1.875	1.002773	1.595	1.002786
1.875	1.002773	1.6	1.002786
1.88	1.002773	1.6	1.002786
1.88	1.002773	1.605	1.002786
1.885	1.002773	1.605	1.002786
1.885	1.002773	1.61	1.002786
1.89	1.002773	1.61	1.002786
1.89	1.002773	1.615	1.002786
1.895	1.002773	1.615	1.002786
1.895	1.002773	1.62	1.002786
1.9	1.002773	1.62	1.002786
1.9	1.002773	1.625	1.002786
1.905	1.002773	1.625	1.002786
1.905	1.002773	1.63	1.002786
1.91	1.002773	1.63	1.002786
1.91	1.002773	1.635	1.002786
1.915	1.002772	1.635	1.002786
1.915	1.002772	1.64	1.002786
1.92	1.002772	1.64	1.002786
1.92	1.002772	1.645	1.002786
1.925	1.002772	1.645	1.002786
1.925	1.002772	1.65	1.002786
1.93	1.002772	1.65	1.002786
1.93	1.002772	1.655	1.002786
1.935	1.002772	1.655	1.002786
1.935	1.002772	1.66	1.002786
1.94	1.002772	1.66	1.002786
1.94	1.002772	1.665	1.002785
1.945	1.002772	1.665	1.002785
1.945	1.002772	1.67	1.002785
1.95	1.002772	1.67	1.002785
1.95	1.002772	1.675	1.002785
1.955	1.002772	1.675	1.002785
1.955	1.002772	1.68	1.002785
1.96	1.002772	1.68	1.002785
1.96	1.002772	1.685	1.002785
1.965	1.002772	1.685	1.002785
1.965	1.002772	1.69	1.002785
1.97	1.002772	1.69	1.002785
1.97	1.002772	1.695	1.002785
1.975	1.002771	1.695	1.002785
1.975	1.002771	1.7	1.002785
1.98	1.002771	1.7	1.002785
1.98	1.002771	1.705	1.002785
1.985	1.002771	1.705	1.002785
1.985	1.002771	1.71	1.002785
1.99	1.002771	1.71	1.002785
1.99	1.002771	1.715	1.002785
1.995	1.002771	1.715	1.002785
1.995	1.002771	1.72	1.002785
2	1.002771	1.72	1.002785
2	1.002771	1.725	1.002785
2.005	1.002771	1.725	1.002785
2.005	1.002771	1.73	1.002785
2.01	1.002771	1.73	1.002785
2.01	1.002771	1.735	1.002785
2.015	1.002771	1.735	1.002785
2.015	1.002771	1.74	1.002785
2.02	1.00277	1.74	1.002785
2.02	1.00277	1.745	1.002785
2.025	1.00277	1.745	1.002785
2.025	1.00277	1.75	1.002785
2.03	1.00277	1.75	1.002785
2.03	1.00277	1.755	1.002785
2.035	1.00277	1.755	1.002785
2.035	1.00277	1.76	1.002785
2.04	1.00277	1.76	1.002785
2.04	1.00277	1.765	1.002785
2.045	1.00277	1.765	1.002785
2.045	1.00277	1.77	1.002785
2.05	1.00277	1.77	1.002785
2.05	1.00277	1.775	1.002785
2.055	1.00277	1.775	1.002785
2.055	1.00277	1.78	1.002785
2.06	1.002769	1.78	1.002785
2.06	1.002769	1.785	1.002785
2.065	1.002769	1.785	1.002785
2.065	1.002769	1.79	1.002785
2.07	1.002769	1.79	1.002785
2.07	1.002769	1.795	1.002785
2.075	1.002769	1.795	1.002785
2.075	1.002769	1.8	1.002785
2.08	1.002769	1.8	1.002785
2.08	1.002769	1.805	1.002784
2.085	1.002769	1.805	1.002784
2.085	1.002769	1.81	1.002784
2.09	1.002769	1.81	1.002784
2.09	1.002769	1.815	1.002784
2.095	1.002768	1.815	1.002784
2.095	1.002768	1.82	1.002784
2.1	1.002768	1.82	1.002784
2.1	1.002768	1.825	1.002784
2.105	1.002768	1.825	1.002784
2.105	1.002768	1.83	1.002784
2.11	1.002768	1.83	1.002784
2.11	1.002768	1.835	1.002784
2.115	1.002768	1.835	1.002784
2.115	1.002768	1.84	1.002784
2.12	1.002768	1.84	1.002784
2.12	1.002768	1.845	1.002784
2.125	1.002768	1.845	1.002784
2.125	1.002768	1.85	1.002784
2.13	1.002767	1.85	1.002784
2.13	1.002767	1.855	1.002784
2.135	1.002767	1.855	1.002784
2.135	1.002767	1.86	1.002784
2.14	1.002767	1.86	1.002784
2.14	1.002767	1.865	1.002784
2.145	1.002767	1.865	1.002784
2.145	1.002767	1.87	1.002784
2.15	1.002767	1.87	1.002784
2.15	1.002767	1.875	1.002784
2.155	1.002767	1.875	1.002784
2.155	1.002767	1.88	1.002784
2.16	1.002766	1.88	1.002784
2.16	1.002766	1.885	1.002784
2.165	1.002766	1.885	1.002784
2.165	1.002766	1.89	1.002784
2.17	1.002766	1.89	1.002784
2.17	1.002766	1.895	1.002783
2.175	1.002766	1.895	1.002783
2.175	1.002766	1.9	1.002783
2.18	1.002766	1.9	1.002783
2.18	1.002766	1.905	1.002783
2.185	1.002766	1.905	1.002783
2.185	1.002766	1.91	1.002783
2.19	1.002765	1.91	1.002783
2.19	1.002765	1.915	1.002783
2.195	1.002765	1.915	1.002783
2.195	1.002765	1.92	1.002783
2.2	1.002765	1.92	1.002783
2.2	1.002765	1.925	1.002783
2.205	1.002765	1.925	1.002783
2.205	1.002765	1.93	1.002783
2.21	1.002765	1.93	1.002783
2.21	1.002765	1.935	1.002783
2.215	1.002765	1.935	1.002783
2.215	1.002765	1.94	1.002783
2.22	1.002764	1.94	1.002783
2.22	1.002764	1.945	1.002783
2.225	1.002764	1.945	1.002783
2.225	1.002764	1.95	1.002783
2.23	1.002764	1.95	1.002783
2.23	1.002764	1.955	1.002783
2.235	1.002764	1.955	1.002783
2.235	1.002764	1.96	1.002783
2.24	1.002764	1.96	1.002783
2.24	1.002764	1.965	1.002783
2.245	1.002764	1.965	1.002783
2.245	1.002764	1.97	1.002782
2.25	1.002763	1.97	1.002782
2.25	1.002763	1.975	1.002782
2.255	1.002763	1.975	1.002782
2.255	1.002763	1.98	1.002782
2.26	1.002763	1.98	1.002782
2.26	1.002763	1.985	1.002782
2.265	1.002763	1.985	1.002782
2.265	1.002763	1.99	1.002782
2.27	1.002763	1.99	1.002782
2.27	1.002763	1.995	1.002782
2.275	1.002762	1.995	1.002782
2.275	1.002762	2	1.002782
2.28	1.002762	2	1.002782
2.28	1.002762	2.005	1.002782
2.285	1.002762	2.005	1.002782
2.285	1.002762	2.01	1.002782
2.29	1.002762	2.01	1.002782
2.295	1.002762	2.015	1.002782
2.295	1.002762	2.015	1.002782
2.3	1.002762	2.02	1.002782
2.3	1.002762	2.02	1.002782
2.305	1.002761	2.025	1.002782
2.305	1.002761	2.025	1.002782
2.31	1.002761	2.03	1.002782
2.31	1.002761	2.03	1.002782
2.315	1.002761	2.035	1.002781
2.315	1.002761	2.035	1.002781
2.32	1.002761	2.04	1.002781
2.32	1.002761	2.04	1.002781
2.325	1.002761	2.045	1.002781
2.325	1.002761	2.045	1.002781
2.33	1.002761	2.05	1.002781
2.33	1.002761	2.05	1.002781
2.335	1.00276	2.055	1.002781
2.335	1.00276	2.055	1.002781
2.34	1.00276	2.06	1.002781
2.34	1.00276	2.06	1.002781
2.345	1.00276	2.065	1.002781
2.345	1.00276	2.065	1.002781
2.35	1.00276	2.07	1.002781
2.35	1.00276	2.07	1.002781
2.355	1.00276	2.075	1.002781
2.355	1.00276	2.075	1.002781
2.36	1.002759	2.08	1.002781
2.36	1.002759	2.08	1.002781
2.365	1.002759	2.085	1.002781
2.365	1.002759	2.085	1.002781
2.37	1.002759	2.09	1.002781
2.37	1.002759	2.09	1.002781
2.375	1.002759	2.095	1.002781
2.375	1.002759	2.095	1.002781
2.38	1.002759	2.1	1.002781
2.38	1.002759	2.1	1.002781
2.385	1.002759	2.105	1.00278
2.385	1.002759	2.105	1.00278
2.39	1.002758	2.11	1.00278
2.39	1.002758	2.11	1.00278
2.395	1.002758	2.115	1.00278
2.395	1.002758	2.115	1.00278
2.4	1.002758	2.12	1.00278
2.4	1.002758	2.12	1.00278
2.405	1.002758	2.125	1.00278
2.405	1.002758	2.125	1.00278
2.41	1.002758	2.13	1.00278
2.41	1.002758	2.13	1.00278
2.415	1.002758	2.135	1.00278
2.415	1.002758	2.135	1.00278
2.42	1.002757	2.14	1.00278
2.42	1.002757	2.14	1.00278
2.425	1.002757	2.145	1.00278
2.425	1.002757	2.145	1.00278
2.43	1.002757	2.15	1.00278
2.43	1.002757	2.15	1.00278
2.435	1.002757	2.155	1.00278
2.435	1.002757	2.155	1.00278
2.44	1.002757	2.16	1.00278
2.44	1.002757	2.16	1.00278
2.445	1.002757	2.165	1.00278
2.445	1.002757	2.165	1.00278
2.45	1.002757	2.17	1.00278
2.45	1.002757	2.17	1.00278
2.455	1.002756	2.175	1.00278
2.455	1.002756	2.175	1.00278
2.46	1.002756	2.18	1.002779
2.46	1.002756	2.18	1.002779
2.465	1.002756	2.185	1.002779
2.465	1.002756	2.185	1.002779
2.47	1.002756	2.19	1.002779
2.47	1.002756	2.19	1.002779
2.475	1.002756	2.195	1.002779
2.475	1.002756	2.195	1.002779
2.48	1.002756	2.2	1.002779
2.48	1.002756	2.2	1.002779
2.485	1.002755	2.205	1.002779
2.485	1.002755	2.205	1.002779
2.49	1.002755	2.21	1.002779
2.49	1.002755	2.21	1.002779
2.495	1.002755	2.215	1.002779
2.495	1.002755	2.215	1.002779
2.5	1.002755	2.22	1.002779
2.5	1.002755	2.22	1.002779
2.505	1.002755	2.225	1.002779
2.505	1.002755	2.225	1.002779
2.51	1.002755	2.23	1.002779
2.51	1.002755	2.23	1.002779
2.515	1.002755	2.235	1.002779
2.515	1.002755	2.235	1.002779
2.52	1.002754	2.24	1.002779
2.52	1.002754	2.24	1.002779
2.525	1.002754	2.245	1.002779
2.525	1.002754	2.245	1.002779
2.53	1.002754	2.25	1.002779
2.53	1.002754	2.25	1.002779
2.535	1.002754	2.255	1.002779
2.535	1.002754	2.255	1.002779
2.54	1.002754	2.26	1.002779
2.54	1.002754	2.26	1.002779
2.545	1.002754	2.265	1.002778
2.545	1.002754	2.265	1.002778
2.55	1.002754	2.27	1.002778
2.55	1.002754	2.27	1.002778
2.555	1.002753	2.275	1.002778
2.555	1.002753	2.275	1.002778
2.56	1.002753	2.28	1.002778
2.56	1.002753	2.28	1.002778
2.565	1.002753	2.285	1.002778
2.565	1.002753	2.285	1.002778
2.57	1.002753	2.29	1.002778
2.57	1.002753	2.29	1.002778
2.575	1.002753	2.295	1.002778
2.575	1.002753	2.295	1.002778
2.58	1.002753	2.3	1.002778
2.58	1.002753	2.3	1.002778
2.585	1.002753	2.305	1.002778
2.585	1.002753	2.305	1.002778
2.59	1.002752	2.31	1.002778
2.59	1.002752	2.31	1.002778
2.595	1.002752	2.315	1.002778
2.595	1.002752	2.315	1.002778
2.6	1.002752	2.32	1.002778
2.6	1.002752	2.32	1.002778
2.605	1.002752	2.325	1.002778
2.605	1.002752	2.325	1.002778
2.61	1.002752	2.33	1.002778
2.61	1.002752	2.33	1.002778
2.615	1.002752	2.335	1.002778
2.615	1.002752	2.335	1.002778
2.62	1.002752	2.34	1.002778
2.62	1.002752	2.34	1.002778
2.625	1.002752	2.345	1.002778
2.625	1.002752	2.345	1.002778
2.63	1.002752	2.35	1.002778
2.63	1.002752	2.35	1.002778
2.635	1.002751	2.355	1.002778
2.635	1.002751	2.355	1.002778
2.64	1.002751	2.36	1.002778
2.64	1.002751	2.36	1.002778
2.645	1.002751	2.365	1.002778
2.645	1.002751	2.365	1.002778
2.65	1.002751	2.37	1.002778
2.65	1.002751	2.37	1.002778
2.655	1.002751	2.375	1.002778
2.655	1.002751	2.375	1.002778
2.66	1.002751	2.38	1.002778
2.66	1.002751	2.38	1.002778
2.665	1.002751	2.385	1.002778
2.665	1.002751	2.385	1.002778
2.67	1.002751	2.39	1.002778
2.67	1.002751	2.39	1.002778
2.675	1.00275	2.395	1.002778
2.675	1.00275	2.395	1.002778
2.68	1.00275	2.4	1.002778
2.68	1.00275	2.4	1.002778
2.685	1.00275	2.405	1.002778
2.685	1.00275	2.405	1.002778
2.69	1.00275	2.41	1.002778
2.69	1.00275	2.41	1.002778
2.695	1.00275	2.415	1.002778
2.695	1.00275	2.415	1.002778
2.7	1.00275	2.42	1.002778
2.7	1.00275	2.42	1.002778
2.705	1.00275	2.425	1.002778
2.705	1.00275	2.425	1.002778
2.71	1.00275	2.43	1.002778
2.71	1.00275	2.43	1.002778
2.715	1.00275	2.435	1.002778
2.715	1.00275	2.435	1.002778
2.72	1.00275	2.44	1.002778
2.72	1.00275	2.44	1.002778
2.725	1.002749	2.445	1.002778
2.725	1.002749	2.445	1.002778
2.73	1.002749	2.45	1.002778
2.73	1.002749	2.45	1.002778
2.735	1.002749	2.455	1.002778
2.735	1.002749	2.455	1.002778
2.74	1.002749	2.46	1.002778
2.74	1.002749	2.46	1.002778
2.745	1.002749	2.465	1.002778
2.745	1.002749	2.465	1.002778
2.75	1.002749	2.47	1.002778
2.75	1.002749	2.47	1.002778
2.755	1.002749	2.475	1.002778
2.755	1.002749	2.475	1.002778
2.76	1.002749	2.48	1.002778
2.76	1.002749	2.48	1.002778
2.765	1.002749	2.485	1.002778
2.765	1.002749	2.485	1.002778
2.77	1.002749	2.49	1.002778
2.77	1.002749	2.49	1.002778
2.775	1.002749	2.495	1.002778
2.775	1.002749	2.495	1.002778
2.78	1.002749	2.5	1.002778
2.78	1.002749	2.5	1.002778
2.785	1.002748	2.505	1.002778
2.785	1.002748	2.505	1.002778
2.79	1.002748	2.51	1.002778
2.79	1.002748	2.51	1.002778
2.795	1.002748	2.515	1.002778
2.795	1.002748	2.515	1.002778
2.8	1.002748	2.52	1.002778
2.8	1.002748	2.52	1.002778
2.805	1.002748	2.525	1.002778
2.805	1.002748	2.525	1.002778
2.81	1.002748	2.53	1.002778
2.81	1.002748	2.53	1.002778
2.815	1.002748	2.535	1.002778
2.815	1.002748	2.535	1.002778
2.82	1.002748	2.54	1.002778
2.82	1.002748	2.54	1.002778
2.825	1.002748	2.545	1.002778
2.825	1.002748	2.545	1.002778
2.83	1.002748	2.55	1.002778
2.83	1.002748	2.55	1.002778
2.835	1.002748	2.555	1.002778
2.835	1.002748	2.555	1.002778
2.84	1.002748	2.56	1.002778
2.84	1.002748	2.56	1.002778
2.845	1.002748	2.565	1.002778
2.845	1.002748	2.565	1.002778
2.85	1.002748	2.57	1.002778
2.85	1.002748	2.57	1.002778
2.855	1.002748	2.575	1.002778
2.855	1.002748	2.575	1.002778
2.86	1.002747	2.58	1.002778
2.86	1.002747	2.58	1.002778
2.865	1.002747	2.585	1.002778
2.865	1.002747	2.585	1.002778
2.87	1.002747	2.59	1.002778
2.87	1.002747	2.59	1.002778
2.875	1.002747	2.595	1.002778
2.875	1.002747	2.595	1.002778
2.88	1.002747	2.6	1.002778
2.88	1.002747	2.6	1.002778
2.885	1.002747	2.605	1.002778
2.885	1.002747	2.605	1.002778
2.89	1.002747	2.61	1.002778
2.89	1.002747	2.61	1.002778
2.895	1.002747	2.615	1.002778
2.895	1.002747	2.615	1.002778
2.9	1.002747	2.62	1.002778
2.9	1.002747	2.62	1.002778
2.905	1.002747	2.625	1.002778
2.905	1.002747	2.625	1.002778
2.91	1.002747	2.63	1.002778
2.91	1.002747	2.63	1.002778
2.915	1.002747	2.635	1.002778
2.915	1.002747	2.635	1.002778
2.92	1.002747	2.64	1.002778
2.92	1.002747	2.64	1.002778
2.925	1.002747	2.645	1.002778
2.925	1.002747	2.645	1.002778
2.93	1.002747	2.65	1.002778
2.93	1.002747	2.65	1.002778
2.935	1.002747	2.655	1.002778
2.935	1.002747	2.655	1.002778
2.94	1.002747	2.66	1.002778
2.94	1.002747	2.66	1.002778
2.945	1.002747	2.665	1.002778
2.945	1.002747	2.665	1.002778
2.95	1.002747	2.67	1.002778
2.95	1.002747	2.67	1.002778
2.955	1.002747	2.675	1.002778
2.955	1.002747	2.675	1.002778
2.96	1.002747	2.68	1.002778
2.96	1.002747	2.68	1.002778
2.965	1.002747	2.685	1.002778
2.965	1.002747	2.685	1.002778
2.97	1.002747	2.69	1.002779
2.97	1.002747	2.69	1.002779
2.975	1.002747	2.695	1.002779
2.975	1.002747	2.695	1.002779
2.98	1.002747	2.7	1.002779
2.98	1.002747	2.7	1.002779
2.985	1.002747	2.705	1.002779
2.985	1.002747	2.705	1.002779
2.99	1.002747	2.71	1.002779
2.99	1.002747	2.71	1.002779
2.995	1.002747	2.715	1.002779
2.995	1.002747	2.715	1.002779
3	1.002747	2.72	1.002779
3	1.002747	2.72	1.002779
3.005	1.002747	2.725	1.002779
3.005	1.002747	2.725	1.002779
3.01	1.002747	2.73	1.002779
3.01	1.002747	2.73	1.002779
3.015	1.002747	2.735	1.002779
3.015	1.002747	2.735	1.002779
3.02	1.002747	2.74	1.002779
3.02	1.002747	2.74	1.002779
3.025	1.002747	2.745	1.002779
3.025	1.002747	2.745	1.002779
3.03	1.002747	2.75	1.002779
3.03	1.002747	2.75	1.002779
3.035	1.002747	2.755	1.002779
3.035	1.002747	2.755	1.002779
3.04	1.002747	2.76	1.002779
3.04	1.002747	2.76	1.002779
3.045	1.002747	2.765	1.002779
3.045	1.002747	2.765	1.002779
3.05	1.002747	2.77	1.002779
3.05	1.002747	2.77	1.002779
3.055	1.002747	2.775	1.002779
3.055	1.002747	2.775	1.002779
3.06	1.002747	2.78	1.002779
3.06	1.002747	2.78	1.002779
3.065	1.002747	2.785	1.002779
3.065	1.002747	2.785	1.002779
3.07	1.002747	2.79	1.002779
3.07	1.002747	2.79	1.002779
3.075	1.002747	2.795	1.002779
3.075	1.002747	2.795	1.002779
3.08	1.002747	2.8	1.002779
3.08	1.002747	2.8	1.002779
3.085	1.002747	2.805	1.002779
3.085	1.002747	2.805	1.002779
3.09	1.002747	2.81	1.002779
3.09	1.002747	2.81	1.002779
3.095	1.002747	2.815	1.002779
3.095	1.002747	2.815	1.002779
3.1	1.002747	2.82	1.002779
3.1	1.002747	2.82	1.002779
3.105	1.002747	2.825	1.002779
3.105	1.002747	2.825	1.002779
3.11	1.002747	2.83	1.002779
3.11	1.002747	2.83	1.002779
3.115	1.002747	2.835	1.002779
3.115	1.002747	2.835	1.002779
3.12	1.002747	2.84	1.00278
3.12	1.002747	2.84	1.00278
3.125	1.002747	2.845	1.00278
3.125	1.002747	2.845	1.00278
3.13	1.002747	2.85	1.00278
3.13	1.002747	2.85	1.00278
3.135	1.002747	2.855	1.00278
3.135	1.002747	2.855	1.00278
3.14	1.002747	2.86	1.00278
3.14	1.002747	2.86	1.00278
3.145	1.002747	2.865	1.00278
3.145	1.002747	2.865	1.00278
3.15	1.002748	2.87	1.00278
3.15	1.002748	2.87	1.00278
3.155	1.002748	2.875	1.00278
3.155	1.002748	2.875	1.00278
3.16	1.002748	2.88	1.00278
3.16	1.002748	2.88	1.00278
3.165	1.002748	2.885	1.00278
3.165	1.002748	2.885	1.00278
3.17	1.002748	2.89	1.00278
3.17	1.002748	2.89	1.00278
3.175	1.002748	2.895	1.00278
3.175	1.002748	2.895	1.00278
3.18	1.002748	2.9	1.00278
3.18	1.002748	2.9	1.00278
3.185	1.002748	2.905	1.00278
3.185	1.002748	2.905	1.00278
3.19	1.002748	2.91	1.00278
3.19	1.002748	2.91	1.00278
3.195	1.002748	2.915	1.00278
3.195	1.002748	2.915	1.00278
3.2	1.002748	2.92	1.00278
3.2	1.002748	2.92	1.00278
3.205	1.002748	2.925	1.00278
3.205	1.002748	2.925	1.00278
3.21	1.002748	2.93	1.00278
3.21	1.002748	2.93	1.00278
3.215	1.002749	2.935	1.00278
3.215	1.002749	2.935	1.00278
3.22	1.002749	2.94	1.00278
3.22	1.002749	2.94	1.00278
3.225	1.002749	2.945	1.00278
3.225	1.002749	2.945	1.00278
3.23	1.002749	2.95	1.00278
3.23	1.002749	2.95	1.00278
3.235	1.002749	2.955	1.00278
3.235	1.002749	2.955	1.00278
3.24	1.002749	2.96	1.00278
3.24	1.002749	2.96	1.00278
3.245	1.002749	2.965	1.00278
3.245	1.002749	2.965	1.00278
3.25	1.002749	2.97	1.00278
3.25	1.002749	2.97	1.00278
3.255	1.002749	2.975	1.00278
3.255	1.002749	2.975	1.00278
3.26	1.002749	2.98	1.00278
3.26	1.002749	2.98	1.00278
3.265	1.00275	2.985	1.00278
3.265	1.00275	2.985	1.00278
3.27	1.00275	2.99	1.00278
3.27	1.00275	2.99	1.00278
3.275	1.00275	2.995	1.002781
3.275	1.00275	2.995	1.002781
3.28	1.00275	3	1.002781
3.28	1.00275	3	1.002781
3.285	1.00275	3.005	1.002781
3.285	1.00275	3.005	1.002781
3.29	1.00275	3.01	1.002781
3.29	1.00275	3.01	1.002781
3.295	1.00275	3.015	1.002781
3.295	1.00275	3.015	1.002781
3.3	1.00275	3.02	1.002781
3.3	1.00275	3.02	1.002781
3.305	1.002751	3.025	1.002781
3.305	1.002751	3.025	1.002781
3.31	1.002751	3.03	1.002781
3.31	1.002751	3.03	1.002781
3.315	1.002751	3.035	1.002781
3.315	1.002751	3.035	1.002781
3.32	1.002751	3.04	1.002781
3.32	1.002751	3.04	1.002781
3.325	1.002751	3.045	1.002781
3.325	1.002751	3.045	1.002781
3.33	1.002751	3.05	1.002781
3.33	1.002751	3.05	1.002781
3.335	1.002751	3.055	1.002781
3.335	1.002751	3.055	1.002781
3.34	1.002751	3.06	1.002781
3.34	1.002751	3.06	1.002781
3.345	1.002752	3.065	1.002781
3.345	1.002752	3.065	1.002781
3.35	1.002752	3.07	1.002781
3.35	1.002752	3.07	1.002781
3.355	1.002752	3.075	1.002781
3.355	1.002752	3.075	1.002781
3.36	1.002752	3.08	1.002781
3.36	1.002752	3.08	1.002781
3.365	1.002752	3.085	1.002781
3.365	1.002752	3.085	1.002781
3.37	1.002752	3.09	1.002781
3.37	1.002752	3.09	1.002781
3.375	1.002752	3.095	1.002781
3.375	1.002752	3.095	1.002781
3.38	1.002753	3.1	1.002781
3.38	1.002753	3.1	1.002781
3.385	1.002753	3.105	1.002781
3.385	1.002753	3.105	1.002781
3.39	1.002753	3.11	1.002781
3.39	1.002753	3.11	1.002781
3.395	1.002753	3.115	1.002781
3.395	1.002753	3.115	1.002781
3.4	1.002753	3.12	1.002781
3.4	1.002753	3.12	1.002781
3.405	1.002753	3.125	1.002781
3.405	1.002753	3.125	1.002781
3.41	1.002754	3.13	1.002781
3.41	1.002754	3.13	1.002781
3.415	1.002754	3.135	1.002781
3.415	1.002754	3.135	1.002781
3.42	1.002754	3.14	1.002781
3.42	1.002754	3.14	1.002781
3.425	1.002754	3.145	1.002782
3.425	1.002754	3.145	1.002782
3.43	1.002754	3.15	1.002782
3.43	1.002754	3.15	1.002782
3.435	1.002754	3.155	1.002782
3.435	1.002754	3.155	1.002782
3.44	1.002755	3.16	1.002782
3.44	1.002755	3.16	1.002782
3.445	1.002755	3.165	1.002782
3.445	1.002755	3.165	1.002782
3.45	1.002755	3.17	1.002782
3.45	1.002755	3.17	1.002782
3.455	1.002755	3.175	1.002782
3.455	1.002755	3.175	1.002782
3.46	1.002755	3.18	1.002782
3.46	1.002755	3.18	1.002782
3.465	1.002755	3.185	1.002782
3.465	1.002755	3.185	1.002782
3.47	1.002756	3.19	1.002782
3.47	1.002756	3.19	1.002782
3.475	1.002756	3.195	1.002782
3.475	1.002756	3.195	1.002782
3.48	1.002756	3.2	1.002782
3.48	1.002756	3.2	1.002782
3.485	1.002756	3.205	1.002782
3.485	1.002756	3.205	1.002782
3.49	1.002756	3.21	1.002782
3.49	1.002756	3.21	1.002782
3.495	1.002756	3.215	1.002782
3.495	1.002756	3.215	1.002782
3.5	1.002757	3.22	1.002782
3.5	1.002757	3.22	1.002782
3.505	1.002757	3.225	1.002782
3.505	1.002757	3.225	1.002782
3.51	1.002757	3.23	1.002782
3.51	1.002757	3.23	1.002782
3.515	1.002757	3.235	1.002782
3.515	1.002757	3.235	1.002782
3.52	1.002757	3.24	1.002782
3.52	1.002757	3.24	1.002782
3.525	1.002758	3.245	1.002782
3.525	1.002758	3.245	1.002782
3.53	1.002758	3.25	1.002782
3.53	1.002758	3.25	1.002782
3.535	1.002758	3.255	1.002782
3.535	1.002758	3.255	1.002782
3.54	1.002758	3.26	1.002782
3.54	1.002758	3.26	1.002782
3.545	1.002758	3.265	1.002782
3.545	1.002758	3.265	1.002782
3.55	1.002758	3.27	1.002783
3.55	1.002758	3.27	1.002783
3.555	1.002759	3.275	1.002783
3.555	1.002759	3.275	1.002783
3.56	1.002759	3.28	1.002783
3.56	1.002759	3.28	1.002783
3.565	1.002759	3.285	1.002783
3.565	1.002759	3.285	1.002783
3.57	1.002759	3.29	1.002783
3.57	1.002759	3.29	1.002783
3.575	1.002759	3.295	1.002783
3.575	1.002759	3.295	1.002783
3.58	1.002759	3.3	1.002783
3.58	1.002759	3.3	1.002783
3.585	1.00276	3.305	1.002783
3.585	1.00276	3.305	1.002783
3.59	1.00276	3.31	1.002783
3.59	1.00276	3.31	1.002783
3.595	1.00276	3.315	1.002783
3.595	1.00276	3.315	1.002783
3.6	1.00276	3.32	1.002783
3.6	1.00276	3.32	1.002783
3.605	1.00276	3.325	1.002783
3.605	1.00276	3.325	1.002783
3.61	1.002761	3.33	1.002783
3.61	1.002761	3.33	1.002783
3.615	1.002761	3.335	1.002783
3.615	1.002761	3.335	1.002783
3.62	1.002761	3.34	1.002783
3.62	1.002761	3.34	1.002783
3.625	1.002761	3.345	1.002783
3.625	1.002761	3.345	1.002783
3.63	1.002761	3.35	1.002783
3.63	1.002761	3.35	1.002783
3.635	1.002761	3.355	1.002783
3.635	1.002761	3.355	1.002783
3.64	1.002762	3.36	1.002783
3.64	1.002762	3.36	1.002783
3.645	1.002762	3.365	1.002783
3.645	1.002762	3.365	1.002783
3.65	1.002762	3.37	1.002783
3.65	1.002762	3.37	1.002783
3.655	1.002762	3.375	1.002783
3.655	1.002762	3.375	1.002783
3.66	1.002762	3.38	1.002783
3.66	1.002762	3.38	1.002783
3.665	1.002762	3.385	1.002783
3.665	1.002762	3.385	1.002783
3.67	1.002763	3.39	1.002784
3.67	1.002763	3.39	1.002784
3.675	1.002763	3.395	1.002784
3.675	1.002763	3.395	1.002784
3.68	1.002763	3.4	1.002784
3.68	1.002763	3.4	1.002784
3.685	1.002763	3.405	1.002784
3.685	1.002763	3.405	1.002784
3.69	1.002763	3.41	1.002784
3.69	1.002763	3.41	1.002784
3.695	1.002763	3.415	1.002784
3.695	1.002763	3.415	1.002784
3.7	1.002764	3.42	1.002784
3.7	1.002764	3.42	1.002784
3.705	1.002764	3.425	1.002784
3.705	1.002764	3.425	1.002784
3.71	1.002764	3.43	1.002784
3.71	1.002764	3.43	1.002784
3.715	1.002764	3.435	1.002784
3.715	1.002764	3.435	1.002784
3.72	1.002764	3.44	1.002784
3.72	1.002764	3.44	1.002784
3.725	1.002764	3.445	1.002784
3.725	1.002764	3.445	1.002784
3.73	1.002765	3.45	1.002784
3.73	1.002765	3.45	1.002784
3.735	1.002765	3.455	1.002784
3.735	1.002765	3.455	1.002784
3.74	1.002765	3.46	1.002784
3.74	1.002765	3.46	1.002784
3.745	1.002765	3.465	1.002784
3.745	1.002765	3.465	1.002784
3.75	1.002765	3.47	1.002784
3.75	1.002765	3.47	1.002784
3.755	1.002765	3.475	1.002784
3.755	1.002765	3.475	1.002784
3.76	1.002766	3.48	1.002784
3.76	1.002766	3.48	1.002784
3.765	1.002766	3.485	1.002784
3.765	1.002766	3.485	1.002784
3.77	1.002766	3.49	1.002784
3.77	1.002766	3.49	1.002784
3.775	1.002766	3.495	1.002784
3.775	1.002766	3.495	1.002784
3.78	1.002766	3.5	1.002784
3.78	1.002766	3.5	1.002784
3.785	1.002766	3.505	1.002784
3.785	1.002766	3.505	1.002784
3.79	1.002766	3.51	1.002784
3.79	1.002766	3.51	1.002784
3.795	1.002767	3.515	1.002784
3.795	1.002767	3.515	1.002784
3.8	1.002767	3.52	1.002784
3.8	1.002767	3.52	1.002784
3.805	1.002767	3.525	1.002784
3.805	1.002767	3.525	1.002784
3.81	1.002767	3.53	1.002785
3.81	1.002767	3.53	1.002785
3.815	1.002767	3.535	1.002785
3.815	1.002767	3.535	1.002785
3.82	1.002767	3.54	1.002785
3.82	1.002767	3.54	1.002785
3.825	1.002767	3.545	1.002785
3.825	1.002767	3.545	1.002785
3.83	1.002768	3.55	1.002785
3.83	1.002768	3.55	1.002785
3.835	1.002768	3.555	1.002785
3.835	1.002768	3.555	1.002785
3.84	1.002768	3.56	1.002785
3.84	1.002768	3.56	1.002785
3.845	1.002768	3.565	1.002785
3.845	1.002768	3.565	1.002785
3.85	1.002768	3.57	1.002785
3.85	1.002768	3.57	1.002785
3.855	1.002768	3.575	1.002785
3.855	1.002768	3.575	1.002785
3.86	1.002768	3.58	1.002785
3.86	1.002768	3.58	1.002785
3.865	1.002768	3.585	1.002785
3.865	1.002768	3.585	1.002785
3.87	1.002769	3.59	1.002785
3.87	1.002769	3.59	1.002785
3.875	1.002769	3.595	1.002785
3.875	1.002769	3.595	1.002785
3.88	1.002769	3.6	1.002785
3.88	1.002769	3.6	1.002785
3.885	1.002769	3.605	1.002785
3.885	1.002769	3.605	1.002785
3.89	1.002769	3.61	1.002785
3.89	1.002769	3.61	1.002785
3.895	1.002769	3.615	1.002785
3.895	1.002769	3.615	1.002785
3.9	1.002769	3.62	1.002785
3.9	1.002769	3.62	1.002785
3.905	1.002769	3.625	1.002785
3.905	1.002769	3.625	1.002785
3.91	1.002769	3.63	1.002785
3.91	1.002769	3.63	1.002785
3.915	1.00277	3.635	1.002785
3.915	1.00277	3.635	1.002785
3.92	1.00277	3.64	1.002785
3.92	1.00277	3.64	1.002785
3.925	1.00277	3.645	1.002785
3.925	1.00277	3.645	1.002785
3.93	1.00277	3.65	1.002785
3.93	1.00277	3.65	1.002785
3.935	1.00277	3.655	1.002785
3.935	1.00277	3.655	1.002785
3.94	1.00277	3.66	1.002785
3.94	1.00277	3.66	1.002785
3.945	1.00277	3.665	1.002785
3.945	1.00277	3.665	1.002785
3.95	1.00277	3.67	1.002785
3.95	1.00277	3.67	1.002785
3.955	1.00277	3.675	1.002785
3.955	1.00277	3.675	1.002785
3.96	1.00277	3.68	1.002785
3.96	1.00277	3.68	1.002785
3.965	1.002771	3.685	1.002785
3.965	1.002771	3.685	1.002785
3.97	1.002771	3.69	1.002785
3.97	1.002771	3.69	1.002785
3.975	1.002771	3.695	1.002785
3.975	1.002771	3.695	1.002785
3.98	1.002771	3.7	1.002785
3.98	1.002771	3.7	1.002785
3.985	1.002771	3.705	1.002785
3.985	1.002771	3.705	1.002785
3.99	1.002771	3.71	1.002785
3.99	1.002771	3.71	1.002785
3.995	1.002771	3.715	1.002785
3.995	1.002771	3.715	1.002785
4	1.002771	3.72	1.002785
4	1.002771	3.72	1.002785
4.005	1.002771	3.725	1.002785
4.005	1.002771	3.725	1.002785
4.01	1.002771	3.73	1.002785
4.01	1.002771	3.73	1.002785
4.015	1.002771	3.735	1.002785
4.015	1.002771	3.735	1.002785
4.02	1.002771	3.74	1.002785
4.02	1.002771	3.74	1.002785
4.025	1.002772	3.745	1.002785
4.025	1.002772	3.745	1.002785
4.03	1.002772	3.75	1.002785
4.03	1.002772	3.75	1.002785
4.035	1.002772	3.755	1.002785
4.035	1.002772	3.755	1.002785
4.04	1.002772	3.76	1.002785
4.04	1.002772	3.76	1.002785
4.045	1.002772	3.765	1.002785
4.045	1.002772	3.765	1.002785
4.05	1.002772	3.77	1.002785
4.05	1.002772	3.77	1.002785
4.055	1.002772	3.775	1.002785
4.055	1.002772	3.775	1.002785
4.06	1.002772	3.78	1.002785
4.06	1.002772	3.78	1.002785
4.065	1.002772	3.785	1.002785
4.065	1.002772	3.785	1.002785
4.07	1.002772	3.79	1.002785
4.07	1.002772	3.79	1.002785
4.075	1.002772	3.795	1.002785
4.075	1.002772	3.795	1.002785
4.08	1.002772	3.8	1.002785
4.08	1.002772	3.8	1.002785
4.085	1.002772	3.805	1.002785
4.085	1.002772	3.805	1.002785
4.09	1.002772	3.81	1.002785
4.09	1.002772	3.81	1.002785
4.095	1.002772	3.815	1.002785
4.095	1.002772	3.815	1.002785
4.1	1.002772	3.82	1.002785
4.1	1.002772	3.82	1.002785
4.105	1.002772	3.825	1.002785
4.105	1.002772	3.825	1.002785
4.11	1.002772	3.83	1.002785
4.11	1.002772	3.83	1.002785
4.115	1.002772	3.835	1.002785
4.115	1.002772	3.835	1.002785
4.12	1.002772	3.84	1.002785
4.12	1.002772	3.84	1.002785
4.125	1.002773	3.845	1.002785
4.125	1.002773	3.845	1.002785
4.13	1.002773	3.85	1.002785
4.13	1.002773	3.85	1.002785
4.135	1.002773	3.855	1.002785
4.135	1.002773	3.855	1.002785
4.14	1.002773	3.86	1.002785
4.14	1.002773	3.86	1.002785
4.145	1.002773	3.865	1.002785
4.145	1.002773	3.865	1.002785
4.15	1.002773	3.87	1.002785
4.15	1.002773	3.87	1.002785
4.155	1.002773	3.875	1.002785
4.155	1.002773	3.875	1.002785
4.16	1.002773	3.88	1.002785
4.16	1.002773	3.88	1.002785
4.165	1.002773	3.885	1.002785
4.165	1.002773	3.885	1.002785
4.17	1.002773	3.89	1.002785
4.17	1.002773	3.89	1.002785
4.175	1.002773	3.895	1.002785
4.175	1.002773	3.895	1.002785
4.18	1.002773	3.9	1.002785
4.18	1.002773	3.9	1.002785
4.185	1.002773	3.905	1.002785
4.185	1.002773	3.905	1.002785
4.19	1.002773	3.91	1.002785
4.19	1.002773	3.91	1.002785
4.195	1.002773	3.915	1.002785
4.195	1.002773	3.915	1.002785
4.2	1.002773	3.92	1.002785
4.2	1.002773	3.92	1.002785
4.205	1.002773	3.925	1.002784
4.205	1.002773	3.925	1.002784
4.21	1.002773	3.93	1.002784
4.21	1.002773	3.93	1.002784
4.215	1.002773	3.935	1.002784
4.215	1.002773	3.935	1.002784
4.22	1.002773	3.94	1.002784
4.22	1.002773	3.94	1.002784
4.225	1.002773	3.945	1.002784
4.225	1.002773	3.945	1.002784
4.23	1.002773	3.95	1.002784
4.23	1.002773	3.95	1.002784
4.235	1.002773	3.955	1.002784
4.235	1.002773	3.955	1.002784
4.24	1.002773	3.96	1.002784
4.24	1.002773	3.96	1.002784
4.245	1.002773	3.965	1.002784
4.245	1.002773	3.965	1.002784
4.25	1.002773	3.97	1.002784
4.25	1.002773	3.97	1.002784
4.255	1.002773	3.975	1.002784
4.255	1.002773	3.975	1.002784
4.26	1.002773	3.98	1.002784
4.26	1.002773	3.98	1.002784
4.265	1.002773	3.985	1.002784
4.265	1.002773	3.985	1.002784
4.27	1.002773	3.99	1.002784
4.27	1.002773	3.99	1.002784
4.275	1.002773	3.995	1.002784
4.275	1.002773	3.995	1.002784
4.28	1.002773	4	1.002784
4.28	1.002773	4	1.002784
4.285	1.002773	4.005	1.002784
4.285	1.002773	4.005	1.002784
4.29	1.002773	4.01	1.002784
4.29	1.002773	4.01	1.002784
4.295	1.002773	4.015	1.002784
4.295	1.002773	4.015	1.002784
4.3	1.002773	4.02	1.002784
4.3	1.002773	4.02	1.002784
4.305	1.002773	4.025	1.002784
4.305	1.002773	4.025	1.002784
4.31	1.002772	4.03	1.002784
4.31	1.002772	4.03	1.002784
4.315	1.002772	4.035	1.002784
4.315	1.002772	4.035	1.002784
4.32	1.002772	4.04	1.002784
4.32	1.002772	4.04	1.002784
4.325	1.002772	4.045	1.002784
4.325	1.002772	4.045	1.002784
4.33	1.002772	4.05	1.002784
4.33	1.002772	4.05	1.002784
4.335	1.002772	4.055	1.002784
4.335	1.002772	4.055	1.002784
4.34	1.002772	4.06	1.002784
4.34	1.002772	4.06	1.002784
4.345	1.002772	4.065	1.002784
4.345	1.002772	4.065	1.002784
4.35	1.002772	4.07	1.002784
4.35	1.002772	4.07	1.002784
4.355	1.002772	4.075	1.002784
4.355	1.002772	4.075	1.002784
4.36	1.002772	4.08	1.002784
4.36	1.002772	4.08	1.002784
4.365	1.002772	4.085	1.002784
4.365	1.002772	4.085	1.002784
4.37	1.002772	4.09	1.002783
4.37	1.002772	4.09	1.002783
4.375	1.002772	4.095	1.002783
4.375	1.002772	4.095	1.002783
4.38	1.002772	4.1	1.002783
4.38	1.002772	4.1	1.002783
4.385	1.002772	4.105	1.002783
4.385	1.002772	4.105	1.002783
4.39	1.002772	4.11	1.002783
4.39	1.002772	4.11	1.002783
4.395	1.002772	4.115	1.002783
4.395	1.002772	4.115	1.002783
4.4	1.002772	4.12	1.002783
4.4	1.002772	4.12	1.002783
4.405	1.002772	4.125	1.002783
4.405	1.002772	4.125	1.002783
4.41	1.002771	4.13	1.002783
4.41	1.002771	4.13	1.002783
4.415	1.002771	4.135	1.002783
4.415	1.002771	4.135	1.002783
4.42	1.002771	4.14	1.002783
4.42	1.002771	4.14	1.002783
4.425	1.002771	4.145	1.002783
4.425	1.002771	4.145	1.002783
4.43	1.002771	4.15	1.002783
4.43	1.002771	4.15	1.002783
4.435	1.002771	4.155	1.002783
4.435	1.002771	4.155	1.002783
4.44	1.002771	4.16	1.002783
4.44	1.002771	4.16	1.002783
4.445	1.002771	4.165	1.002783
4.445	1.002771	4.165	1.002783
4.45	1.002771	4.17	1.002783
4.45	1.002771	4.17	1.002783
4.455	1.002771	4.175	1.002783
4.455	1.002771	4.175	1.002783
4.46	1.002771	4.18	1.002783
4.46	1.002771	4.18	1.002783
4.465	1.002771	4.185	1.002783
4.465	1.002771	4.185	1.002783
4.47	1.00277	4.19	1.002783
4.47	1.00277	4.19	1.002783
4.475	1.00277	4.195	1.002783
4.475	1.00277	4.195	1.002783
4.48	1.00277	4.2	1.002783
4.48	1.00277	4.2	1.002783
4.485	1.00277	4.205	1.002783
4.485	1.00277	4.205	1.002783
4.49	1.00277	4.21	1.002783
4.49	1.00277	4.21	1.002783
4.495	1.00277	4.215	1.002783
4.495	1.00277	4.215	1.002783
4.5	1.00277	4.22	1.002783
4.5	1.00277	4.22	1.002783
4.505	1.00277	4.225	1.002783
4.505	1.00277	4.225	1.002783
4.51	1.00277	4.23	1.002783
4.51	1.00277	4.23	1.002783
4.515	1.00277	4.235	1.002783
4.515	1.00277	4.235	1.002783
4.52	1.002769	4.24	1.002783
4.52	1.002769	4.24	1.002783
4.525	1.002769	4.245	1.002783
4.525	1.002769	4.245	1.002783
4.53	1.002769	4.25	1.002783
4.53	1.002769	4.25	1.002783
4.535	1.002769	4.255	1.002783
4.535	1.002769	4.255	1.002783
4.54	1.002769	4.26	1.002782
4.54	1.002769	4.26	1.002782
4.545	1.002769	4.265	1.002782
4.545	1.002769	4.265	1.002782
4.55	1.002769	4.27	1.002782
4.55	1.002769	4.27	1.002782
4.555	1.002769	4.275	1.002782
4.555	1.002769	4.275	1.002782
4.56	1.002769	4.28	1.002782
4.56	1.002769	4.28	1.002782
4.565	1.002768	4.285	1.002782
4.565	1.002768	4.285	1.002782
4.57	1.002768	4.29	1.002782
4.57	1.002768	4.29	1.002782
4.575	1.002768	4.295	1.002782
4.575	1.002768	4.295	1.002782
4.58	1.002768	4.3	1.002782
4.58	1.002768	4.3	1.002782
4.585	1.002768	4.305	1.002782
4.585	1.002768	4.305	1.002782
4.59	1.002768	4.31	1.002782
4.59	1.002768	4.31	1.002782
4.595	1.002768	4.315	1.002782
4.595	1.002768	4.315	1.002782
4.6	1.002768	4.32	1.002782
4.6	1.002768	4.32	1.002782
4.605	1.002767	4.325	1.002782
4.605	1.002767	4.325	1.002782
4.61	1.002767	4.33	1.002782
4.61	1.002767	4.33	1.002782
4.615	1.002767	4.335	1.002782
4.615	1.002767	4.335	1.002782
4.62	1.002767	4.34	1.002782
4.62	1.002767	4.34	1.002782
4.625	1.002767	4.345	1.002782
4.625	1.002767	4.345	1.002782
4.63	1.002767	4.35	1.002782
4.63	1.002767	4.35	1.002782
4.635	1.002767	4.355	1.002782
4.635	1.002767	4.355	1.002782
4.64	1.002766	4.36	1.002782
4.64	1.002766	4.36	1.002782
4.645	1.002766	4.365	1.002782
4.65	1.002766	4.365	1.002782
4.65	1.002766	4.37	1.002782
4.655	1.002766	4.37	1.002782
4.655	1.002766	4.375	1.002782
4.66	1.002766	4.375	1.002782
4.66	1.002766	4.38	1.002782
4.665	1.002766	4.38	1.002782
4.665	1.002766	4.385	1.002782
4.67	1.002766	4.385	1.002782
4.67	1.002766	4.39	1.002782
4.675	1.002765	4.39	1.002782
4.675	1.002765	4.395	1.002782
4.68	1.002765	4.395	1.002782
4.68	1.002765	4.4	1.002782
4.685	1.002765	4.4	1.002782
4.685	1.002765	4.405	1.002782
4.69	1.002765	4.405	1.002782
4.69	1.002765	4.41	1.002782
4.695	1.002765	4.41	1.002782
4.695	1.002765	4.415	1.002782
4.7	1.002765	4.415	1.002782
4.7	1.002765	4.42	1.002782
4.705	1.002765	4.42	1.002782
4.705	1.002765	4.425	1.002782
4.71	1.002764	4.425	1.002782
4.71	1.002764	4.43	1.002782
4.715	1.002764	4.43	1.002782
4.715	1.002764	4.435	1.002782
4.72	1.002764	4.435	1.002782
4.72	1.002764	4.44	1.002782
4.725	1.002764	4.44	1.002782
4.725	1.002764	4.445	1.002782
4.73	1.002764	4.445	1.002782
4.73	1.002764	4.45	1.002782
4.735	1.002764	4.45	1.002782
4.735	1.002764	4.455	1.002782
4.74	1.002764	4.455	1.002782
4.74	1.002764	4.46	1.002782
4.745	1.002763	4.46	1.002782
4.745	1.002763	4.465	1.002782
4.75	1.002763	4.465	1.002782
4.75	1.002763	4.47	1.002782
4.755	1.002763	4.47	1.002782
4.755	1.002763	4.475	1.002782
4.76	1.002763	4.475	1.002782
4.76	1.002763	4.48	1.002782
4.765	1.002763	4.48	1.002782
4.765	1.002763	4.485	1.002782
4.77	1.002763	4.485	1.002782
4.77	1.002763	4.49	1.002782
4.775	1.002762	4.49	1.002782
4.775	1.002762	4.495	1.002782
4.78	1.002762	4.495	1.002782
4.78	1.002762	4.5	1.002781
4.785	1.002762	4.5	1.002781
4.785	1.002762	4.505	1.002781
4.79	1.002762	4.505	1.002781
4.79	1.002762	4.51	1.002781
4.795	1.002762	4.51	1.002781
4.795	1.002762	4.515	1.002781
4.8	1.002762	4.515	1.002781
4.8	1.002762	4.52	1.002781
4.805	1.002761	4.52	1.002781
4.805	1.002761	4.525	1.002781
4.81	1.002761	4.525	1.002781
4.81	1.002761	4.53	1.002781
4.815	1.002761	4.53	1.002781
4.815	1.002761	4.535	1.002781
4.82	1.002761	4.535	1.002781
4.82	1.002761	4.54	1.002781
4.825	1.002761	4.54	1.002781
4.825	1.002761	4.545	1.002781
4.83	1.002761	4.545	1.002781
4.83	1.002761	4.55	1.002781
4.835	1.00276	4.55	1.002781
4.835	1.00276	4.555	1.002781
4.84	1.00276	4.555	1.002781
4.84	1.00276	4.56	1.002781
4.845	1.00276	4.56	1.002781
4.845	1.00276	4.565	1.002781
4.85	1.00276	4.565	1.002781
4.85	1.00276	4.57	1.002781
4.855	1.00276	4.57	1.002781
4.855	1.00276	4.575	1.002781
4.86	1.00276	4.575	1.002781
4.86	1.00276	4.58	1.002781
4.865	1.00276	4.58	1.002781
4.865	1.00276	4.585	1.002781
4.87	1.002759	4.585	1.002781
4.87	1.002759	4.59	1.002781
4.875	1.002759	4.59	1.002781
4.875	1.002759	4.595	1.002781
4.88	1.002759	4.595	1.002781
4.88	1.002759	4.6	1.002781
4.885	1.002759	4.6	1.002781
4.885	1.002759	4.605	1.002781
4.89	1.002759	4.605	1.002781
4.89	1.002759	4.61	1.002781
4.895	1.002759	4.61	1.002781
4.895	1.002759	4.615	1.002781
4.9	1.002758	4.615	1.002781
4.9	1.002758	4.62	1.002781
4.905	1.002758	4.62	1.002781
4.905	1.002758	4.625	1.002781
4.91	1.002758	4.625	1.002781
4.91	1.002758	4.63	1.002781
4.915	1.002758	4.63	1.002781
4.915	1.002758	4.635	1.002781
4.92	1.002758	4.635	1.002781
4.92	1.002758	4.64	1.002781
4.925	1.002758	4.64	1.002781
4.925	1.002758	4.645	1.002781
4.93	1.002757	4.645	1.002781
4.93	1.002757	4.65	1.002781
4.935	1.002757	4.65	1.002781
4.935	1.002757	4.655	1.002781
4.94	1.002757	4.655	1.002781
4.94	1.002757	4.66	1.002781
4.945	1.002757	4.66	1.002781
4.945	1.002757	4.665	1.002781
4.95	1.002757	4.665	1.002781
4.95	1.002757	4.67	1.002781
4.955	1.002757	4.67	1.002781
4.955	1.002757	4.675	1.002781
4.96	1.002757	4.675	1.002781
4.96	1.002757	4.68	1.002781
4.965	1.002756	4.68	1.002781
4.965	1.002756	4.685	1.002781
4.97	1.002756	4.685	1.002781
4.97	1.002756	4.69	1.002781
4.975	1.002756	4.69	1.002781
4.975	1.002756	4.695	1.002781
4.98	1.002756	4.695	1.002781
4.98	1.002756	4.7	1.002781
4.985	1.002756	4.7	1.002781
4.985	1.002756	4.705	1.002781
4.99	1.002756	4.705	1.002781
4.99	1.002756	4.71	1.002781
4.995	1.002756	4.71	1.002781
4.995	1.002756	4.715	1.002781
5	1.002755	4.715	1.002781
5	0.910002	4.72	1.002781
5.005	0.858476	4.72	1.002781
5.005	0.857616	4.725	1.002781
5.01	0.839637	4.725	1.002781
5.01	0.839637	4.73	1.002781
5.015	0.8356	4.73	1.002781
5.015	0.8356	4.735	1.002781
5.02	0.835721	4.735	1.002781
5.02	0.835721	4.74	1.002781
5.025	0.837195	4.74	1.002781
5.025	0.837195	4.745	1.002781
5.03	0.838225	4.745	1.002781
5.03	0.838225	4.75	1.002781
5.035	0.838573	4.75	1.002781
5.035	0.838573	4.755	1.002781
5.04	0.838286	4.755	1.002781
5.04	0.838285	4.76	1.002781
5.045	0.837405	4.76	1.002781
5.045	0.837405	4.765	1.002781
5.05	0.836096	4.765	1.002781
5.055	0.834396	4.77	1.002781
5.055	0.834396	4.77	1.002781
5.06	0.832377	4.775	1.002781
5.065	0.830094	4.775	1.002781
5.07	0.827582	4.78	1.002781
5.07	0.827577	4.78	1.002781
5.075	0.824848	4.785	1.002781
5.08	0.821909	4.785	1.002781
5.08	0.821908	4.79	1.002781
5.085	0.818733	4.79	1.002781
5.085	0.818733	4.795	1.002781
5.09	0.815274	4.795	1.002781
5.09	0.815274	4.8	1.002781
5.095	0.811406	4.8	1.002781
5.095	0.811406	4.805	1.002781
5.1	0.807693	4.805	1.002781
5.1	0.865756	4.81	1.002781
5.105	0.925629	4.81	1.002781
5.105	0.925629	4.815	1.002781
5.11	0.943002	4.815	1.002781
5.11	0.943002	4.82	1.002781
5.115	0.949977	4.82	1.002781
5.115	0.949953	4.825	1.002781
5.12	0.955833	4.825	1.002781
5.12	0.955833	4.83	1.002781
5.125	0.959364	4.83	1.002781
5.125	0.959334	4.835	1.002781
5.13	0.962877	4.835	1.002781
5.13	0.962877	4.84	1.002781
5.135	0.966599	4.84	1.002781
5.135	0.966599	4.845	1.002781
5.14	0.969754	4.845	1.002781
5.14	0.969724	4.85	1.002781
5.145	0.972255	4.85	1.002781
5.145	0.972222	4.855	1.002781
5.15	0.973939	4.855	1.002781
5.15	0.973939	4.86	1.002781
5.155	0.975461	4.86	1.002781
5.155	0.975445	4.865	1.002781
5.16	0.97683	4.865	1.002781
5.16	0.97683	4.87	1.002781
5.165	0.978111	4.87	1.002781
5.165	0.978111	4.875	1.002781
5.17	0.979304	4.875	1.002781
5.17	0.979304	4.88	1.002781
5.175	0.980419	4.88	1.002781
5.175	0.980364	4.885	1.002781
5.18	0.981239	4.885	1.002781
5.18	0.981238	4.89	1.002781
5.185	0.982009	4.89	1.002781
5.185	0.98201	4.895	1.002781
5.19	0.982723	4.895	1.002781
5.19	0.982723	4.9	1.002781
5.195	0.983385	4.9	1.002781
5.195	0.983272	4.905	1.002781
5.2	0.9838	4.905	1.002781
5.2	0.9838	4.91	1.002781
5.205	0.98422	4.91	1.002781
5.21	0.984563	4.915	1.002781
5.215	0.984843	4.915	1.002781
5.215	0.984847	4.92	1.002781
5.22	0.985101	4.92	1.002781
5.22	0.985057	4.925	1.002781
5.225	0.984985	4.925	1.002781
5.225	0.98532	4.93	1.002781
5.23	0.985249	4.93	1.002781
5.23	0.985249	4.935	1.002781
5.235	0.985181	4.935	1.002781
5.235	0.985181	4.94	1.002781
5.24	0.985065	4.94	1.002781
5.24	0.985065	4.945	1.002781
5.245	0.984898	4.945	1.002781
5.25	0.984682	4.95	1.002781
5.25	0.984697	4.95	1.002781
5.255	0.984472	4.955	1.002781
5.255	0.984499	4.955	1.002781
5.26	0.98428	4.96	1.002781
5.26	0.984274	4.96	1.002781
5.265	0.984037	4.965	1.002781
5.265	0.984005	4.965	1.002781
5.27	0.983857	4.97	1.002781
5.27	0.983857	4.97	1.002781
5.275	0.983695	4.975	1.002781
5.28	0.983514	4.975	1.002781
5.28	0.98352	4.98	1.002781
5.285	0.983339	4.98	1.002781
5.285	0.983332	4.985	1.002781
5.29	0.983138	4.985	1.002781
5.29	0.983138	4.99	1.002781
5.295	0.982804	4.99	1.002781
5.295	0.982796	4.995	1.002781
5.3	0.982426	4.995	1.002781
5.3	0.982426	5	1.002781
5.305	0.982173	5	0.911025
5.305	0.982172	5.005	0.870848
5.31	0.981923	5.005	0.870252
5.31	0.981923	5.01	0.854198
5.315	0.981668	5.01	0.854199
5.315	0.981709	5.015	0.850447
5.32	0.981484	5.015	0.850446
5.32	0.981485	5.02	0.851524
5.325	0.981277	5.02	0.851524
5.325	0.981277	5.025	0.854362
5.33	0.981078	5.025	0.854362
5.33	0.981141	5.03	0.857094
5.335	0.981009	5.03	0.857094
5.335	0.980999	5.035	0.859544
5.34	0.980787	5.035	0.859544
5.34	0.980821	5.04	0.861813
5.345	0.980652	5.04	0.861812
5.345	0.980624	5.045	0.86374
5.35	0.980627	5.045	0.86374
5.35	0.980612	5.05	0.865336
5.355	0.980651	5.05	0.865336
5.355	0.980632	5.055	0.866668
5.36	0.980658	5.055	0.866668
5.365	0.980688	5.06	0.867789
5.365	0.980688	5.06	0.867788
5.37	0.980594	5.065	0.868532
5.37	0.980595	5.07	0.869101
5.375	0.980626	5.075	0.869547
5.375	0.980626	5.075	0.869547
5.38	0.980676	5.08	0.869901
5.38	0.980676	5.08	0.869896
5.385	0.980607	5.085	0.870168
5.385	0.980607	5.09	0.870388
5.39	0.980664	5.09	0.870388
5.39	0.980664	5.095	0.870566
5.395	0.98074	5.1	0.870712
5.395	0.98074	5.1	0.936791
5.4	0.980697	5.105	0.985687
5.4	0.980697	5.105	0.985663
5.405	0.980781	5.11	1.003952
5.405	0.980781	5.11	1.003953
5.41	0.980884	5.115	1.011586
5.415	0.980998	5.115	1.011586
5.415	0.980997	5.12	1.015861
5.42	0.980989	5.12	1.015861
5.42	0.980988	5.125	1.017997
5.425	0.981104	5.125	1.017971
5.425	0.981104	5.13	1.018971
5.43	0.98124	5.13	1.018953
5.43	0.98124	5.135	1.019226
5.435	0.981254	5.135	1.019254
5.435	0.981254	5.14	1.019351
5.44	0.981395	5.14	1.019338
5.44	0.981395	5.145	1.019328
5.445	0.981554	5.15	1.019258
5.445	0.981554	5.155	1.019146
5.45	0.98159	5.16	1.019002
5.45	0.98159	5.16	1.01897
5.455	0.981753	5.165	1.018767
5.455	0.981753	5.165	1.018695
5.46	0.981933	5.17	1.018387
5.465	0.982121	5.17	1.018387
5.465	0.982121	5.175	1.018011
5.47	0.982183	5.175	1.018003
5.475	0.982236	5.18	1.017571
5.475	0.982236	5.18	1.017574
5.48	0.982425	5.185	1.01712
5.485	0.982633	5.19	1.016633
5.49	0.982849	5.195	1.016119
5.495	0.983068	5.195	1.016119
5.495	0.983068	5.2	1.015585
5.5	0.983158	5.205	1.015033
5.5	0.983158	5.21	1.014468
5.505	0.983235	5.21	1.014468
5.505	0.983235	5.215	1.013893
5.51	0.983448	5.215	1.013865
5.515	0.983677	5.22	1.013256
5.52	0.983912	5.22	1.013193
5.52	0.983912	5.225	1.01251
5.525	0.984015	5.23	1.011784
5.525	0.984015	5.235	1.011032
5.53	0.984239	5.235	1.011041
5.53	0.984239	5.24	1.010297
5.535	0.984341	5.24	1.010291
5.535	0.984341	5.245	1.009544
5.54	0.984568	5.245	1.009556
5.545	0.984807	5.25	1.008819
5.545	0.984807	5.25	1.008816
5.55	0.984915	5.255	1.008082
5.55	0.984915	5.255	1.008072
5.555	0.985144	5.26	1.00733
5.555	0.985144	5.26	1.007326
5.56	0.98525	5.265	1.00658
5.56	0.98525	5.27	1.005836
5.565	0.98548	5.27	1.005836
5.57	0.985721	5.275	1.005096
5.57	0.985721	5.275	1.005109
5.575	0.98583	5.28	1.004388
5.58	0.985924	5.285	1.00368
5.58	0.985924	5.285	1.003676
5.585	0.986152	5.29	1.002972
5.59	0.986393	5.29	1.002972
5.595	0.986636	5.295	1.002276
5.595	0.986636	5.3	1.00159
5.6	0.986744	5.305	1.000915
5.605	0.986837	5.31	1.00025
5.61	0.986926	5.31	1.000276
5.61	0.986926	5.315	0.999662
5.615	0.987153	5.315	0.99967
5.62	0.987394	5.32	0.999174
5.625	0.987637	5.32	0.999112
5.625	0.987637	5.325	0.998643
5.63	0.987745	5.325	0.998623
5.635	0.987838	5.33	0.998168
5.64	0.987928	5.33	0.998173
5.64	0.987928	5.335	0.997756
5.645	0.988156	5.335	0.997733
5.65	0.988399	5.34	0.997292
5.65	0.988399	5.345	0.996869
5.655	0.988509	5.345	0.996862
5.66	0.988606	5.35	0.99645
5.66	0.988606	5.35	0.99645
5.665	0.988839	5.355	0.996054
5.67	0.989086	5.36	0.995672
5.67	0.989086	5.36	0.995701
5.675	0.989202	5.365	0.995438
5.68	0.989305	5.365	0.995392
5.685	0.989407	5.37	0.995165
5.69	0.989511	5.37	0.995156
5.69	0.989511	5.375	0.99495
5.695	0.989756	5.38	0.994774
5.7	0.990017	5.38	0.99471
5.7	0.990017	5.385	0.994502
5.705	0.990148	5.385	0.994516
5.71	0.990267	5.39	0.994327
5.715	0.990386	5.395	0.994153
5.72	0.990507	5.4	0.993995
5.72	0.990507	5.4	0.993995
5.725	0.99077	5.405	0.993853
5.725	0.99077	5.41	0.993725
5.73	0.990914	5.415	0.993611
5.735	0.99105	5.42	0.993511
5.74	0.991188	5.425	0.993425
5.74	0.991188	5.425	0.993425
5.745	0.991466	5.43	0.993352
5.745	0.991466	5.43	0.993352
5.75	0.991626	5.435	0.993291
5.755	0.991778	5.44	0.993242
5.76	0.991932	5.445	0.993204
5.765	0.99209	5.45	0.993176
5.77	0.992252	5.455	0.993159
5.775	0.992418	5.46	0.993151
5.775	0.992419	5.465	0.993153
5.78	0.992726	5.47	0.993163
5.78	0.992726	5.475	0.993181
5.785	0.992916	5.48	0.993206
5.79	0.993099	5.485	0.993238
5.795	0.993283	5.49	0.993277
5.8	0.993471	5.495	0.993321
5.805	0.993664	5.5	0.993371
5.81	0.99386	5.505	0.993427
5.815	0.99406	5.51	0.993487
5.82	0.994265	5.515	0.99355
5.825	0.994475	5.52	0.993618
5.83	0.994687	5.525	0.993688
5.835	0.994903	5.53	0.993762
5.84	0.995123	5.535	0.993839
5.845	0.995346	5.54	0.993917
5.85	0.995572	5.545	0.993998
5.855	0.995802	5.55	0.994081
5.86	0.996035	5.555	0.994165
5.865	0.99627	5.56	0.99425
5.87	0.996509	5.565	0.994336
5.875	0.99675	5.57	0.994423
5.88	0.996993	5.575	0.994511
5.885	0.997239	5.58	0.994599
5.885	0.997239	5.585	0.994688
5.89	0.997487	5.59	0.994777
5.895	0.997736	5.595	0.994866
5.9	0.997988	5.6	0.994955
5.905	0.998241	5.605	0.995044
5.91	0.998496	5.61	0.995133
5.915	0.998752	5.615	0.995222
5.92	0.999009	5.62	0.995311
5.925	0.999267	5.625	0.9954
5.93	0.999527	5.63	0.995489
5.935	0.999787	5.635	0.995578
5.94	1.000048	5.64	0.995667
5.945	1.000309	5.645	0.995755
5.95	1.000571	5.65	0.995844
5.95	1.00057	5.655	0.995933
5.955	1.000833	5.66	0.996022
5.96	1.001095	5.665	0.996112
5.965	1.001358	5.67	0.996201
5.97	1.001621	5.675	0.996291
5.975	1.001883	5.68	0.996381
5.98	1.002146	5.685	0.996472
5.985	1.002408	5.69	0.996563
5.99	1.00267	5.695	0.996655
5.995	1.002932	5.7	0.996747
6	1.003194	5.705	0.99684
6.005	1.003455	5.71	0.996934
6.01	1.003716	5.715	0.997028
6.015	1.003976	5.715	0.997028
6.02	1.004235	5.72	0.997123
6.025	1.004494	5.725	0.997218
6.03	1.004752	5.73	0.997315
6.035	1.00501	5.735	0.997412
6.04	1.005267	5.74	0.99751
6.045	1.005522	5.745	0.997609
6.045	1.005521	5.75	0.997708
6.05	1.005719	5.755	0.997809
6.055	1.005908	5.76	0.99791
6.055	1.005908	5.765	0.998012
6.06	1.006151	5.77	0.998114
6.06	1.006151	5.775	0.998217
6.065	1.006404	5.78	0.998321
6.065	1.006404	5.785	0.998425
6.07	1.006601	5.79	0.99853
6.07	1.006601	5.795	0.998636
6.075	1.006846	5.8	0.998742
6.075	1.006846	5.805	0.998848
6.08	1.007041	5.81	0.998954
6.08	1.007041	5.815	0.999061
6.085	1.007286	5.82	0.999168
6.09	1.007538	5.825	0.999275
6.09	1.007538	5.83	0.999383
6.095	1.007734	5.835	0.99949
6.095	1.007734	5.84	0.999597
6.1	1.007921	5.845	0.999705
6.1	1.007921	5.85	0.999813
6.105	1.008163	5.855	0.99992
6.11	1.008413	5.86	1.000027
6.115	1.008665	5.86	1.000027
6.115	1.008666	5.865	1.000133
6.12	1.008861	5.87	1.00024
6.125	1.009046	5.875	1.000346
6.13	1.009231	5.88	1.000452
6.13	1.009231	5.885	1.000557
6.135	1.00947	5.89	1.000662
6.14	1.009718	5.895	1.000767
6.145	1.009968	5.9	1.000871
6.145	1.009968	5.905	1.000975
6.15	1.010161	5.91	1.001078
6.155	1.010344	5.915	1.001181
6.16	1.010524	5.92	1.001284
6.16	1.010524	5.925	1.001386
6.165	1.01076	5.925	1.001386
6.17	1.011003	5.93	1.001487
6.17	1.011003	5.935	1.001588
6.175	1.011192	5.94	1.001689
6.175	1.011191	5.945	1.00179
6.18	1.011426	5.95	1.00189
6.18	1.011426	5.955	1.001989
6.185	1.011611	5.96	1.002089
6.19	1.011786	5.965	1.002188
6.19	1.011786	5.97	1.002287
6.195	1.012015	5.975	1.002386
6.2	1.01225	5.98	1.002484
6.2	1.01225	5.985	1.002583
6.205	1.01243	5.99	1.002681
6.205	1.01243	5.995	1.00278
6.21	1.0126	6	1.002878
6.215	1.012766	6.005	1.002977
6.215	1.012765	6.01	1.003076
6.22	1.012985	6.01	1.003075
6.225	1.013211	6.015	1.003175
6.23	1.013436	6.02	1.003274
6.23	1.013436	6.025	1.003374
6.235	1.013604	6.03	1.003474
6.24	1.013759	6.035	1.003574
6.245	1.01391	6.04	1.003675
6.245	1.013909	6.045	1.003776
6.25	1.013981	6.05	1.003878
6.25	1.01398	6.055	1.003981
6.255	1.014168	6.06	1.004084
6.255	1.014168	6.065	1.004188
6.26	1.014372	6.07	1.004293
6.265	1.014577	6.075	1.004399
6.265	1.014576	6.08	1.004505
6.27	1.014723	6.085	1.004613
6.275	1.014857	6.09	1.004721
6.28	1.014984	6.095	1.004831
6.28	1.014983	6.1	1.004941
6.285	1.015087	6.1	1.004941
6.285	1.015086	6.105	1.005052
6.29	1.015257	6.11	1.005164
6.29	1.015256	6.115	1.005278
6.295	1.01538	6.12	1.005392
6.3	1.015492	6.125	1.005507
6.3	1.01549	6.13	1.005624
6.305	1.015651	6.13	1.005624
6.31	1.015815	6.135	1.005741
6.31	1.015815	6.14	1.005859
6.315	1.01592	6.145	1.005979
6.32	1.01601	6.145	1.005979
6.32	1.01601	6.15	1.006099
6.325	1.016093	6.155	1.00622
6.325	1.016093	6.16	1.006341
6.33	1.01615	6.165	1.006464
6.33	1.01615	6.17	1.006588
6.335	1.016272	6.175	1.006713
6.34	1.0164	6.18	1.006838
6.34	1.0164	6.185	1.006964
6.345	1.016469	6.19	1.00709
6.35	1.016523	6.195	1.007217
6.35	1.016523	6.2	1.007344
6.355	1.016569	6.205	1.007472
6.355	1.016569	6.21	1.007599
6.36	1.016662	6.215	1.007727
6.365	1.016758	6.22	1.007855
6.365	1.016757	6.225	1.007983
6.37	1.016792	6.23	1.008111
6.37	1.016792	6.235	1.008238
6.375	1.016811	6.24	1.008365
6.375	1.016811	6.245	1.008491
6.38	1.016876	6.25	1.008617
6.38	1.016876	6.255	1.008742
6.385	1.01694	6.26	1.008866
6.385	1.01694	6.265	1.008989
6.39	1.016945	6.27	1.009111
6.39	1.016945	6.275	1.009231
6.395	1.016934	6.275	1.009231
6.395	1.016934	6.28	1.00935
6.4	1.016968	6.28	1.00935
6.4	1.016968	6.285	1.009468
6.405	1.017003	6.29	1.009584
6.405	1.017003	6.29	1.009584
6.41	1.016977	6.295	1.009698
6.41	1.016977	6.3	1.00981
6.415	1.01686	6.305	1.00992
6.415	1.016861	6.31	1.010027
6.42	1.016852	6.315	1.010133
6.425	1.016856	6.32	1.010236
6.425	1.016856	6.32	1.010236
6.43	1.016802	6.325	1.010336
6.435	1.016733	6.33	1.010433
6.435	1.016733	6.335	1.010528
6.44	1.01671	6.335	1.010528
6.445	1.016689	6.34	1.01062
6.445	1.016689	6.345	1.010709
6.45	1.016562	6.35	1.010796
6.45	1.016562	6.355	1.010879
6.455	1.016505	6.36	1.010958
6.46	1.01646	6.365	1.011035
6.46	1.01646	6.37	1.011108
6.465	1.016412	6.375	1.011177
6.465	1.016412	6.38	1.011244
6.47	1.016359	6.385	1.011306
6.47	1.016359	6.39	1.011366
6.475	1.016246	6.395	1.011422
6.48	1.016118	6.4	1.011474
6.48	1.016118	6.405	1.011522
6.485	1.015982	6.405	1.011522
6.485	1.015981	6.41	1.011567
6.49	1.015895	6.415	1.011608
6.49	1.015895	6.42	1.011646
6.495	1.015758	6.425	1.011679
6.495	1.015757	6.43	1.01171
6.5	1.015659	6.435	1.011736
6.5	1.015659	6.44	1.011759
6.505	1.015565	6.445	1.011778
6.51	1.015469	6.45	1.011794
6.515	1.015369	6.455	1.011807
6.515	1.015369	6.455	1.011807
6.52	1.015211	6.46	1.011815
6.52	1.015211	6.46	1.011815
6.525	1.01509	6.465	1.011821
6.525	1.015089	6.47	1.011823
6.53	1.014919	6.475	1.011822
6.53	1.014919	6.475	1.011822
6.535	1.014795	6.48	1.011818
6.535	1.014795	6.485	1.011811
6.54	1.014621	6.49	1.011801
6.54	1.014621	6.495	1.011787
6.545	1.014487	6.5	1.011771
6.545	1.014487	6.505	1.011752
6.55	1.01436	6.51	1.011731
6.555	1.014234	6.515	1.011706
6.555	1.014234	6.52	1.01168
6.56	1.014063	6.525	1.01165
6.56	1.014063	6.53	1.011619
6.565	1.013923	6.535	1.011585
6.565	1.013923	6.54	1.011549
6.57	1.013736	6.545	1.011511
6.57	1.013735	6.55	1.01147
6.575	1.01359	6.555	1.011428
6.58	1.013453	6.56	1.011385
6.585	1.013319	6.565	1.011339
6.59	1.013184	6.57	1.011292
6.59	1.013184	6.575	1.011243
6.595	1.012943	6.58	1.011192
6.595	1.012942	6.585	1.011141
6.6	1.012786	6.59	1.011088
6.605	1.012647	6.595	1.011033
6.61	1.012513	6.6	1.010978
6.61	1.012513	6.605	1.010921
6.615	1.012328	6.61	1.010863
6.615	1.012328	6.61	1.010863
6.62	1.012184	6.615	1.010804
6.625	1.012051	6.62	1.010744
6.63	1.011921	6.625	1.010684
6.63	1.011921	6.63	1.010622
6.635	1.011741	6.635	1.01056
6.635	1.011741	6.64	1.010497
6.64	1.011602	6.645	1.010433
6.645	1.011475	6.65	1.010368
6.65	1.011352	6.655	1.010303
6.65	1.011352	6.66	1.010237
6.655	1.01119	6.665	1.010171
6.655	1.01119	6.67	1.010104
6.66	1.011062	6.675	1.010036
6.66	1.011062	6.68	1.009968
6.665	1.010892	6.685	1.0099
6.665	1.010892	6.69	1.009831
6.67	1.010765	6.69	1.009831
6.675	1.010652	6.695	1.009761
6.68	1.010543	6.7	1.009691
6.685	1.010439	6.705	1.009621
6.685	1.010439	6.71	1.00955
6.69	1.010285	6.715	1.009479
6.69	1.010285	6.72	1.009407
6.695	1.010173	6.725	1.009335
6.7	1.010073	6.73	1.009263
6.705	1.009979	6.735	1.00919
6.71	1.009889	6.74	1.009116
6.71	1.009889	6.745	1.009043
6.715	1.00975	6.75	1.008969
6.715	1.00975	6.755	1.008894
6.72	1.009652	6.76	1.008819
6.725	1.009567	6.765	1.008744
6.73	1.009488	6.77	1.008668
6.73	1.009488	6.775	1.008592
6.735	1.009492	6.78	1.008516
6.735	1.009493	6.785	1.008439
6.74	1.009418	6.79	1.008362
6.745	1.009347	6.795	1.008285
6.75	1.00928	6.8	1.008207
6.755	1.009215	6.805	1.008128
6.755	1.009215	6.81	1.00805
6.76	1.009059	6.815	1.007971
6.76	1.009059	6.82	1.007892
6.765	1.009106	6.825	1.007812
6.77	1.009185	6.83	1.007733
6.77	1.009186	6.835	1.007652
6.775	1.009144	6.84	1.007572
6.78	1.009094	6.845	1.007492
6.785	1.009044	6.85	1.007411
6.79	1.008996	6.855	1.00733
6.795	1.008949	6.86	1.007249
6.795	1.008949	6.865	1.007167
6.8	1.008853	6.87	1.007086
6.8	1.008853	6.875	1.007004
6.805	1.008796	6.88	1.006923
6.81	1.008751	6.885	1.006841
6.815	1.008711	6.89	1.006759
6.82	1.008673	6.895	1.006678
6.825	1.008636	6.9	1.006596
6.83	1.008601	6.905	1.006514
6.835	1.008567	6.91	1.006433
6.835	1.008567	6.915	1.006352
6.84	1.008483	6.92	1.00627
6.84	1.008483	6.925	1.006189
6.845	1.008438	6.93	1.006108
6.85	1.008404	6.935	1.006028
6.855	1.008374	6.94	1.005948
6.86	1.008345	6.945	1.005868
6.865	1.008317	6.95	1.005788
6.87	1.00829	6.955	1.005708
6.875	1.008263	6.96	1.005629
6.88	1.008237	6.965	1.005551
6.885	1.008211	6.97	1.005473
6.89	1.008184	6.975	1.005395
6.895	1.008158	6.98	1.005318
6.9	1.008132	6.985	1.005241
6.905	1.008105	6.99	1.005165
6.905	1.008105	6.995	1.005089
6.91	1.008025	7	1.005014
6.91	1.008026	7.005	1.004939
6.915	1.007985	7.01	1.004865
6.915	1.007985	7.015	1.004792
6.92	1.007954	7.02	1.004719
6.925	1.007925	7.025	1.004646
6.93	1.007897	7.03	1.004574
6.935	1.007868	7.035	1.004503
6.94	1.007839	7.04	1.004432
6.945	1.007809	7.045	1.004362
6.95	1.007777	7.05	1.004292
6.955	1.007745	7.055	1.004223
6.96	1.007711	7.06	1.004154
6.965	1.007676	7.065	1.004086
6.97	1.00764	7.07	1.004018
6.975	1.007602	7.075	1.003951
6.98	1.007563	7.08	1.003884
6.98	1.007563	7.085	1.003818
6.985	1.007522	7.09	1.003751
6.99	1.007479	7.095	1.003686
6.995	1.007435	7.1	1.00362
6.995	1.007435	7.105	1.003555
7	1.007389	7.11	1.003489
7.005	1.007341	7.115	1.003424
7.005	1.007341	7.12	1.00336
7.01	1.00729	7.125	1.003295
7.015	1.007238	7.13	1.00323
7.015	1.007238	7.135	1.003165
7.02	1.007184	7.14	1.0031
7.02	1.007184	7.145	1.003035
7.025	1.007127	7.15	1.00297
7.03	1.007068	7.155	1.002905
7.035	1.007007	7.16	1.002839
7.035	1.007007	7.165	1.002773
7.04	1.006944	7.17	1.002707
7.04	1.006944	7.175	1.00264
7.045	1.006878	7.18	1.002573
7.045	1.006878	7.185	1.002505
7.05	1.006809	7.19	1.002437
7.055	1.006738	7.195	1.002368
7.055	1.006738	7.2	1.002299
7.06	1.006664	7.205	1.002228
7.065	1.006587	7.21	1.002157
7.065	1.006587	7.215	1.002085
7.07	1.006508	7.22	1.002013
7.075	1.006426	7.225	1.001939
7.08	1.00634	7.23	1.001865
7.085	1.006252	7.235	1.001789
7.09	1.006161	7.24	1.001712
7.095	1.006067	7.245	1.001635
7.1	1.005969	7.25	1.001556
7.105	1.005868	7.255	1.001477
7.11	1.005765	7.26	1.001396
7.115	1.005657	7.265	1.001314
7.12	1.005547	7.27	1.001231
7.125	1.005432	7.275	1.001146
7.13	1.005315	7.28	1.001061
7.13	1.005315	7.285	1.000974
7.135	1.005194	7.29	1.000886
7.14	1.005069	7.295	1.000797
7.145	1.004941	7.3	1.000707
7.15	1.004809	7.305	1.000615
7.155	1.004673	7.31	1.000522
7.16	1.004533	7.315	1.000428
7.165	1.00439	7.32	1.000333
7.17	1.004243	7.325	1.000237
7.175	1.004092	7.33	1.000139
7.18	1.003937	7.335	1.00004
7.185	1.003779	7.34	0.99994
7.19	1.003616	7.345	0.999839
7.195	1.003449	7.35	0.999737
7.2	1.003279	7.355	0.999634
7.205	1.003104	7.36	0.99953
7.205	1.003104	7.365	0.999425
7.21	1.002926	7.37	0.999318
7.21	1.002926	7.375	0.999211
7.215	1.002743	7.38	0.999103
7.22	1.002555	7.385	0.998994
7.225	1.002365	7.39	0.998884
7.23	1.00217	7.395	0.998774
7.235	1.001972	7.4	0.998663
7.24	1.001769	7.405	0.998551
7.24	1.001769	7.41	0.998438
7.245	1.001563	7.415	0.998325
7.25	1.001353	7.415	0.998325
7.255	1.001139	7.42	0.998212
7.26	1.000921	7.425	0.998098
7.265	1.0007	7.43	0.997983
7.265	1.0007	7.435	0.997869
7.27	1.000475	7.44	0.997754
7.27	1.000475	7.445	0.997638
7.275	1.000246	7.45	0.997523
7.28	1.000013	7.455	0.997407
7.285	0.999777	7.46	0.997292
7.29	0.999538	7.465	0.997176
7.295	0.999295	7.47	0.99706
7.3	0.999049	7.475	0.996945
7.305	0.998801	7.48	0.99683
7.31	0.998548	7.485	0.996715
7.315	0.998293	7.49	0.9966
7.32	0.998035	7.495	0.996486
7.325	0.997774	7.5	0.996372
7.33	0.99751	7.505	0.996258
7.33	0.99751	7.51	0.996145
7.335	0.99738	7.515	0.996033
7.335	0.99738	7.52	0.995921
7.34	0.997261	7.525	0.99581
7.34	0.997261	7.53	0.9957
7.345	0.997006	7.535	0.99559
7.35	0.996736	7.54	0.995482
7.35	0.996737	7.545	0.995374
7.355	0.996597	7.55	0.995267
7.355	0.996597	7.555	0.995162
7.36	0.996332	7.56	0.995057
7.36	0.996332	7.565	0.994953
7.365	0.99619	7.57	0.994851
7.365	0.996191	7.575	0.99475
7.37	0.995922	7.58	0.99465
7.37	0.995922	7.585	0.994551
7.375	0.99564	7.59	0.994454
7.375	0.995641	7.595	0.994358
7.38	0.995492	7.6	0.994263
7.38	0.995492	7.605	0.99417
7.385	0.995354	7.61	0.994078
7.385	0.995354	7.615	0.993988
7.39	0.995082	7.62	0.9939
7.395	0.994794	7.625	0.993813
7.395	0.994794	7.63	0.993728
7.4	0.99464	7.635	0.993644
7.405	0.994497	7.64	0.993563
7.405	0.994497	7.645	0.993483
7.41	0.99422	7.65	0.993404
7.41	0.99422	7.655	0.993328
7.415	0.994064	7.66	0.993253
7.415	0.994064	7.665	0.993181
7.42	0.993783	7.67	0.99311
7.42	0.993783	7.675	0.993041
7.425	0.993626	7.68	0.992975
7.425	0.993626	7.685	0.99291
7.43	0.993344	7.69	0.992847
7.43	0.993344	7.695	0.992786
7.435	0.993187	7.7	0.992728
7.44	0.993041	7.705	0.992672
7.44	0.99304	7.71	0.992617
7.445	0.992762	7.715	0.992565
7.45	0.992468	7.72	0.992515
7.45	0.992467	7.725	0.992468
7.455	0.99231	7.73	0.992423
7.46	0.992165	7.735	0.99238
7.465	0.992023	7.74	0.992339
7.465	0.992023	7.745	0.992301
7.47	0.991747	7.75	0.992265
7.47	0.991747	7.755	0.992231
7.475	0.991594	7.76	0.9922
7.48	0.991453	7.765	0.992171
7.48	0.991453	7.77	0.992145
7.485	0.991179	7.775	0.992121
7.49	0.990893	7.78	0.9921
7.49	0.990893	7.785	0.992082
7.495	0.990743	7.79	0.992066
7.5	0.990608	7.795	0.992052
7.505	0.990479	7.8	0.992041
7.51	0.99035	7.805	0.992033
7.51	0.99035	7.81	0.992027
7.515	0.990088	7.815	0.992025
7.515	0.990088	7.82	0.992024
7.52	0.98995	7.825	0.992027
7.525	0.989824	7.825	0.992028
7.525	0.989824	7.83	0.992032
7.53	0.989568	7.835	0.99204
7.53	0.989568	7.84	0.992051
7.535	0.989436	7.845	0.992064
7.54	0.989319	7.85	0.992081
7.54	0.989319	7.855	0.9921
7.545	0.989071	7.86	0.992122
7.545	0.989071	7.865	0.992146
7.55	0.988948	7.87	0.992174
7.555	0.988839	7.875	0.992204
7.56	0.988736	7.88	0.992237
7.56	0.988736	7.885	0.992273
7.565	0.9885	7.89	0.992312
7.565	0.9885	7.895	0.992354
7.57	0.988389	7.9	0.992398
7.575	0.988293	7.905	0.992446
7.58	0.988202	7.91	0.992496
7.58	0.988203	7.915	0.992549
7.585	0.98798	7.92	0.992605
7.585	0.98798	7.925	0.992663
7.59	0.987883	7.93	0.992725
7.595	0.9878	7.935	0.992789
7.595	0.987801	7.94	0.992856
7.6	0.987589	7.945	0.992925
7.6	0.987589	7.95	0.992998
7.605	0.987503	7.955	0.993073
7.61	0.987433	7.96	0.99315
7.615	0.987368	7.965	0.993231
7.62	0.987308	7.97	0.993314
7.62	0.987308	7.975	0.993399
7.625	0.987116	7.98	0.993487
7.63	0.986914	7.985	0.993578
7.63	0.986914	7.99	0.993671
7.635	0.98685	7.995	0.993766
7.64	0.986805	8	0.993864
7.645	0.986767	8.005	0.993964
7.65	0.986733	8.01	0.994067
7.655	0.986703	8.015	0.994172
7.66	0.986676	8.02	0.994278
7.66	0.986676	8.02	0.994278
7.665	0.986519	8.025	0.994388
7.67	0.986351	8.03	0.994499
7.67	0.986351	8.035	0.994612
7.675	0.986321	8.035	0.994613
7.68	0.98631	8.04	0.994727
7.685	0.986306	8.045	0.994844
7.69	0.986307	8.05	0.994963
7.695	0.986312	8.055	0.995084
7.695	0.986313	8.06	0.995206
7.7	0.986187	8.065	0.995331
7.7	0.986187	8.07	0.995456
7.705	0.986186	8.075	0.995584
7.705	0.986187	8.08	0.995712
7.71	0.986067	8.085	0.995842
7.71	0.986067	8.09	0.995974
7.715	0.986076	8.095	0.996107
7.72	0.986102	8.1	0.99624
7.725	0.986135	8.105	0.996375
7.73	0.986172	8.11	0.996511
7.73	0.986172	8.115	0.996648
7.735	0.98608	8.12	0.996786
7.74	0.985978	8.125	0.996925
7.74	0.985978	8.13	0.997064
7.745	0.986013	8.135	0.997204
7.75	0.986068	8.14	0.997345
7.755	0.986131	8.145	0.997486
7.76	0.986198	8.15	0.997628
7.765	0.98627	8.155	0.99777
7.765	0.98627	8.16	0.997912
7.77	0.986212	8.165	0.998054
7.775	0.986145	8.17	0.998197
7.775	0.986145	8.175	0.998339
7.78	0.986214	8.18	0.998482
7.785	0.986303	8.185	0.998624
7.79	0.986399	8.19	0.998767
7.79	0.986399	8.195	0.998909
7.795	0.986367	8.2	0.99905
7.795	0.986367	8.205	0.999192
7.8	0.986459	8.21	0.999333
7.8	0.98646	8.215	0.999473
7.805	0.986434	8.22	0.999613
7.805	0.986435	8.225	0.999752
7.81	0.986537	8.23	0.999891
7.815	0.986657	8.235	1.000029
7.815	0.986657	8.24	1.000166
7.82	0.986783	8.245	1.000302
7.82	0.986784	8.25	1.000437
7.825	0.986783	8.255	1.000572
7.83	0.986772	8.26	1.000705
7.83	0.986772	8.265	1.000837
7.835	0.986898	8.27	1.000968
7.84	0.987044	8.275	1.001098
7.84	0.987044	8.28	1.001226
7.845	0.987196	8.285	1.001353
7.845	0.987197	8.29	1.001479
7.85	0.987222	8.295	1.001604
7.855	0.987238	8.3	1.001727
7.855	0.987238	8.305	1.001849
7.86	0.98739	8.31	1.001969
7.865	0.987562	8.315	1.002088
7.865	0.987562	8.32	1.002205
7.87	0.987608	8.325	1.00232
7.87	0.987608	8.33	1.002434
7.875	0.987779	8.335	1.002547
7.875	0.98778	8.34	1.002657
7.88	0.987834	8.345	1.002766
7.88	0.987834	8.35	1.002873
7.885	0.988015	8.355	1.002979
7.885	0.988016	8.36	1.003082
7.89	0.98808	8.365	1.003184
7.89	0.98808	8.37	1.003284
7.895	0.988273	8.375	1.003382
7.9	0.988481	8.38	1.003479
7.9	0.988482	8.385	1.003573
7.905	0.988565	8.39	1.003666
7.91	0.98864	8.395	1.003756
7.91	0.98864	8.4	1.003845
7.915	0.988851	8.405	1.003932
7.915	0.988851	8.41	1.004017
7.92	0.988947	8.415	1.0041
7.92	0.988947	8.42	1.004181
7.925	0.989171	8.425	1.00426
7.925	0.989171	8.43	1.004337
7.93	0.989278	8.435	1.004413
7.93	0.989278	8.44	1.004486
7.935	0.989512	8.445	1.004557
7.935	0.989512	8.45	1.004627
7.94	0.98963	8.455	1.004694
7.94	0.98963	8.46	1.00476
7.945	0.989874	8.465	1.004823
7.945	0.989874	8.47	1.004885
7.95	0.990002	8.475	1.004945
7.955	0.990122	8.48	1.005002
7.955	0.990122	8.485	1.005057
7.96	0.990379	8.49	1.005111
7.96	0.990379	8.495	1.005163
7.965	0.990521	8.5	1.005213
7.965	0.990521	8.505	1.005262
7.97	0.990791	8.51	1.005308
7.97	0.990791	8.515	1.005353
7.975	0.990943	8.52	1.005395
7.98	0.991088	8.525	1.005436
7.98	0.991088	8.53	1.005475
7.985	0.991369	8.535	1.005513
7.985	0.991369	8.54	1.005548
7.99	0.991534	8.545	1.005582
7.995	0.991693	8.55	1.005614
7.995	0.991693	8.555	1.005644
8	0.991988	8.56	1.005673
8	0.991988	8.565	1.0057
8.005	0.992166	8.57	1.005725
8.005	0.992166	8.575	1.005749
8.01	0.992471	8.58	1.005771
8.01	0.992471	8.585	1.005791
8.015	0.992659	8.59	1.00581
8.02	0.992839	8.595	1.005827
8.025	0.99302	8.6	1.005843
8.03	0.993204	8.605	1.005857
8.03	0.993204	8.61	1.00587
8.035	0.993527	8.615	1.005881
8.04	0.993865	8.62	1.005891
8.04	0.993865	8.625	1.005899
8.045	0.994078	8.63	1.005907
8.05	0.99428	8.635	1.005913
8.055	0.994482	8.64	1.005917
8.06	0.994687	8.645	1.00592
8.065	0.994894	8.65	1.005922
8.07	0.995105	8.655	1.005923
8.07	0.995104	8.66	1.005923
8.075	0.995452	8.665	1.005922
8.075	0.995452	8.67	1.005919
8.08	0.995682	8.675	1.005916
8.085	0.995903	8.68	1.005911
8.09	0.996124	8.685	1.005905
8.095	0.996347	8.69	1.005899
8.095	0.996347	8.695	1.005891
8.1	0.996705	8.7	1.005883
8.1	0.996705	8.705	1.005874
8.105	0.996946	8.71	1.005864
8.105	0.996945	8.715	1.005853
8.11	0.997177	8.72	1.005841
8.115	0.997408	8.725	1.005829
8.12	0.997639	8.73	1.005816
8.125	0.997872	8.735	1.005803
8.13	0.998104	8.74	1.005789
8.135	0.998338	8.745	1.005774
8.14	0.998573	8.75	1.005759
8.14	0.998573	8.755	1.005743
8.145	0.998943	8.76	1.005727
8.145	0.998943	8.765	1.00571
8.15	0.999193	8.77	1.005693
8.155	0.999432	8.775	1.005676
8.16	0.999669	8.78	1.005658
8.165	0.999906	8.785	1.00564
8.17	1.000142	8.79	1.005622
8.175	1.000378	8.795	1.005603
8.18	1.000615	8.8	1.005585
8.185	1.00085	8.805	1.005566
8.19	1.001085	8.81	1.005547
8.195	1.001318	8.815	1.005528
8.2	1.001551	8.82	1.005509
8.205	1.001782	8.825	1.005489
8.21	1.002013	8.83	1.00547
8.215	1.002242	8.835	1.005451
8.22	1.002469	8.84	1.005432
8.225	1.002695	8.845	1.005413
8.23	1.00292	8.85	1.005394
8.235	1.003142	8.855	1.005375
8.24	1.003363	8.86	1.005356
8.245	1.003581	8.865	1.005337
8.25	1.003797	8.87	1.005318
8.255	1.004011	8.875	1.0053
8.26	1.004223	8.88	1.005282
8.265	1.004432	8.885	1.005264
8.27	1.004638	8.89	1.005246
8.275	1.004842	8.895	1.005229
8.28	1.005043	8.9	1.005211
8.285	1.005241	8.905	1.005194
8.29	1.005437	8.91	1.005177
8.295	1.005629	8.915	1.005161
8.3	1.005818	8.92	1.005145
8.305	1.006004	8.925	1.005129
8.31	1.006186	8.93	1.005113
8.315	1.006366	8.935	1.005098
8.32	1.006542	8.94	1.005083
8.32	1.006541	8.945	1.005068
8.325	1.006714	8.95	1.005053
8.33	1.006883	8.955	1.005039
8.335	1.007049	8.96	1.005025
8.34	1.007211	8.965	1.005011
8.345	1.007369	8.97	1.004998
8.345	1.007369	8.975	1.004985
8.35	1.007523	8.98	1.004972
8.355	1.007674	8.985	1.00496
8.36	1.007821	8.99	1.004947
8.365	1.007965	8.995	1.004935
8.37	1.008104	9	1.004923
8.375	1.00824	9.005	1.004912
8.38	1.008372	9.01	1.0049
8.385	1.008499	9.015	1.004889
8.39	1.008623	9.02	1.004878
8.395	1.008743	9.025	1.004867
8.4	1.008859	9.03	1.004856
8.405	1.008972	9.035	1.004846
8.41	1.00908	9.04	1.004835
8.415	1.009184	9.045	1.004824
8.42	1.009284	9.05	1.004814
8.425	1.00938	9.055	1.004804
8.425	1.00938	9.06	1.004793
8.43	1.009472	9.065	1.004783
8.435	1.009561	9.07	1.004773
8.44	1.009645	9.075	1.004762
8.445	1.009725	9.08	1.004752
8.45	1.009802	9.085	1.004741
8.455	1.009874	9.09	1.004731
8.46	1.009943	9.095	1.00472
8.465	1.010007	9.1	1.004709
8.47	1.010068	9.105	1.004698
8.475	1.010125	9.11	1.004687
8.48	1.010178	9.115	1.004675
8.485	1.010227	9.12	1.004663
8.49	1.010272	9.125	1.004651
8.495	1.010313	9.13	1.004639
8.5	1.010351	9.135	1.004626
8.505	1.010385	9.14	1.004613
8.51	1.010415	9.145	1.0046
8.515	1.010442	9.15	1.004586
8.52	1.010464	9.155	1.004572
8.52	1.010464	9.16	1.004558
8.525	1.010428	9.165	1.004543
8.53	1.010378	9.17	1.004527
8.53	1.010377	9.175	1.004511
8.535	1.01038	9.18	1.004495
8.54	1.010389	9.185	1.004478
8.545	1.010396	9.19	1.00446
8.55	1.010401	9.195	1.004442
8.555	1.010402	9.2	1.004424
8.56	1.010401	9.205	1.004404
8.565	1.010396	9.21	1.004384
8.565	1.010395	9.215	1.004364
8.57	1.010332	9.22	1.004343
8.57	1.010331	9.225	1.004321
8.575	1.010312	9.23	1.004298
8.58	1.010297	9.235	1.004275
8.585	1.010281	9.24	1.004251
8.59	1.010262	9.245	1.004226
8.59	1.010261	9.25	1.0042
8.595	1.010185	9.255	1.004174
8.595	1.010184	9.26	1.004147
8.6	1.010152	9.265	1.004119
8.605	1.010124	9.27	1.00409
8.61	1.010095	9.275	1.004061
8.61	1.010094	9.28	1.00403
8.615	1.010008	9.285	1.003999
8.615	1.010007	9.29	1.003967
8.62	1.009911	9.295	1.003934
8.62	1.00991	9.3	1.003901
8.625	1.009861	9.305	1.003866
8.63	1.009821	9.31	1.003831
8.635	1.009782	9.315	1.003795
8.64	1.009741	9.32	1.003758
8.645	1.0097	9.325	1.00372
8.65	1.009656	9.33	1.003681
8.655	1.00961	9.335	1.003642
8.66	1.009561	9.34	1.003601
8.665	1.009511	9.345	1.003561
8.665	1.009511	9.35	1.003519
8.67	1.009406	9.355	1.003476
8.67	1.009406	9.36	1.003432
8.675	1.009345	9.365	1.003387
8.675	1.009345	9.37	1.003342
8.68	1.009289	9.375	1.003295
8.685	1.009234	9.38	1.003248
8.685	1.009234	9.385	1.0032
8.69	1.00908	9.39	1.003151
8.69	1.00908	9.395	1.003102
8.695	1.008999	9.4	1.003052
8.7	1.008935	9.405	1.003
8.705	1.008876	9.41	1.002949
8.71	1.008818	9.415	1.002896
8.715	1.00876	9.42	1.002843
8.72	1.008701	9.425	1.002789
8.725	1.008642	9.43	1.002734
8.73	1.008582	9.435	1.002679
8.735	1.008521	9.44	1.002623
8.74	1.008461	9.445	1.002566
8.745	1.0084	9.45	1.002509
8.75	1.008338	9.455	1.002451
8.755	1.008277	9.46	1.002392
8.76	1.008215	9.465	1.002333
8.765	1.008153	9.47	1.002273
8.77	1.008092	9.475	1.002213
8.775	1.00803	9.48	1.002152
8.78	1.007969	9.485	1.002091
8.785	1.007908	9.49	1.002029
8.79	1.007848	9.495	1.001967
8.795	1.007788	9.5	1.001904
8.8	1.007728	9.505	1.001841
8.805	1.00767	9.51	1.001778
8.81	1.007611	9.515	1.001714
8.815	1.007554	9.52	1.00165
8.82	1.007498	9.525	1.001586
8.825	1.007442	9.53	1.001521
8.83	1.007387	9.535	1.001456
8.835	1.007333	9.54	1.001391
8.84	1.007281	9.545	1.001326
8.845	1.007229	9.55	1.00126
8.85	1.007179	9.555	1.001195
8.855	1.007129	9.56	1.001129
8.86	1.007081	9.565	1.001063
8.865	1.007034	9.57	1.000997
8.87	1.006988	9.575	1.000931
8.875	1.006944	9.58	1.000865
8.88	1.006901	9.585	1.000799
8.885	1.006859	9.59	1.000733
8.885	1.006859	9.595	1.000668
8.89	1.006819	9.6	1.000602
8.895	1.006779	9.605	1.000536
8.9	1.006742	9.61	1.000471
8.905	1.006705	9.615	1.000405
8.91	1.00667	9.62	1.00034
8.915	1.006636	9.625	1.000275
8.92	1.006603	9.63	1.000211
8.925	1.006572	9.635	1.000146
8.93	1.006542	9.64	1.000082
8.935	1.006514	9.645	1.000019
8.94	1.006486	9.65	0.999955
8.945	1.00646	9.655	0.999892
8.95	1.006435	9.66	0.99983
8.955	1.006411	9.665	0.999768
8.96	1.006388	9.67	0.999706
8.965	1.006367	9.675	0.999645
8.97	1.006346	9.68	0.999585
8.975	1.006326	9.685	0.999524
8.98	1.006308	9.69	0.999465
8.985	1.00629	9.695	0.999406
8.99	1.006273	9.7	0.999348
8.995	1.006256	9.705	0.99929
9	1.006241	9.71	0.999233
9.005	1.006226	9.715	0.999177
9.01	1.006212	9.72	0.999121
9.015	1.006198	9.725	0.999066
9.02	1.006185	9.73	0.999012
9.025	1.006172	9.735	0.998959
9.03	1.006159	9.74	0.998906
9.035	1.006147	9.745	0.998855
9.04	1.006134	9.75	0.998804
9.045	1.006122	9.755	0.998754
9.05	1.00611	9.76	0.998704
9.055	1.006098	9.765	0.998656
9.06	1.006086	9.77	0.998608
9.065	1.006074	9.775	0.998562
9.07	1.006061	9.78	0.998516
9.075	1.006048	9.785	0.998472
9.08	1.006034	9.79	0.998428
9.085	1.00602	9.795	0.998384
9.09	1.006006	9.8	0.998342
9.095	1.00599	9.805	0.998301
9.1	1.005974	9.81	0.998261
9.105	1.005958	9.815	0.998223
9.11	1.00594	9.82	0.998185
9.115	1.005921	9.825	0.998148
9.12	1.005902	9.83	0.998113
9.125	1.005881	9.835	0.998078
9.13	1.005859	9.84	0.998045
9.135	1.005835	9.845	0.998012
9.14	1.005811	9.85	0.997981
9.145	1.005785	9.855	0.997951
9.15	1.005757	9.86	0.997921
9.155	1.005729	9.865	0.997893
9.16	1.005698	9.87	0.997866
9.165	1.005666	9.875	0.997841
9.17	1.005632	9.88	0.997816
9.175	1.005596	9.885	0.997792
9.18	1.005559	9.89	0.99777
9.185	1.00552	9.895	0.997748
9.19	1.005479	9.9	0.997728
9.195	1.005436	9.905	0.997709
9.2	1.00539	9.91	0.997691
9.205	1.005343	9.915	0.997674
9.21	1.005294	9.92	0.997658
9.215	1.005241	9.925	0.997644
9.22	1.005187	9.93	0.99763
9.225	1.005131	9.935	0.997618
9.23	1.005073	9.94	0.997606
9.235	1.005013	9.945	0.997596
9.24	1.00495	9.95	0.997587
9.245	1.004885	9.955	0.997579
9.25	1.004818	9.96	0.997572
9.255	1.004749	9.965	0.997566
9.26	1.004677	9.97	0.997563
9.265	1.004602	9.975	0.997559
9.27	1.004526	9.98	0.997556
9.275	1.004447	9.985	0.997555
9.28	1.004365	9.99	0.997554
9.285	1.004281	9.995	0.997554
9.29	1.004195	10	0.997556
9.295	1.004107		
9.3	1.004016		
9.305	1.003923		
9.31	1.003827		
9.315	1.003729		
9.32	1.003629		
9.325	1.003526		
9.33	1.003421		
9.335	1.003314		
9.34	1.003205		
9.345	1.003093		
9.35	1.00298		
9.355	1.002864		
9.36	1.002746		
9.365	1.002626		
9.37	1.002504		
9.375	1.00238		
9.38	1.002254		
9.385	1.002127		
9.39	1.001997		
9.395	1.001866		
9.4	1.001733		
9.405	1.001598		
9.41	1.001461		
9.415	1.001323		
9.42	1.001184		
9.425	1.001042		
9.43	1.0009		
9.435	1.000756		
9.44	1.000611		
9.44	1.00061		
9.445	1.000599		
9.445	1.000597		
9.45	1.000465		
9.455	1.000318		
9.46	1.000169		
9.465	1.000017		
9.47	0.999865		
9.475	0.999711		
9.475	0.99971		
9.48	0.999691		
9.48	0.99969		
9.485	0.99955		
9.49	0.999396		
9.495	0.99924		
9.5	0.999082		
9.505	0.998924		
9.505	0.998922		
9.51	0.998899		
9.51	0.998898		
9.515	0.998754		
9.52	0.998597		
9.525	0.998437		
9.525	0.998436		
9.53	0.998411		
9.53	0.998409		
9.535	0.998264		
9.54	0.998105		
9.545	0.997945		
9.55	0.997783		
9.55	0.997781		
9.555	0.997756		
9.555	0.997754		
9.56	0.997609		
9.565	0.997448		
9.57	0.997288		
9.57	0.997288		
9.575	0.997263		
9.575	0.997261		
9.58	0.997115		
9.585	0.996958		
9.59	0.996799		
9.59	0.996799		
9.595	0.996774		
9.6	0.996763		
9.6	0.996763		
9.605	0.996621		
9.61	0.996468		
9.615	0.996311		
9.62	0.996155		
9.625	0.996		
9.625	0.996001		
9.63	0.995981		
9.635	0.995975		
9.635	0.995976		
9.64	0.99584		
9.645	0.995693		
9.65	0.995544		
9.655	0.995396		
9.655	0.995396		
9.66	0.995384		
9.66	0.995384		
9.665	0.995252		
9.665	0.995252		
9.67	0.995245		
9.67	0.995245		
9.675	0.995117		
9.68	0.994979		
9.685	0.99484		
9.685	0.994841		
9.69	0.994838		
9.695	0.99485		
9.695	0.99485		
9.7	0.994733		
9.705	0.994604		
9.71	0.994474		
9.71	0.994475		
9.715	0.99448		
9.715	0.994481		
9.72	0.994368		
9.725	0.994247		
9.725	0.994247		
9.73	0.99426		
9.735	0.994288		
9.735	0.994288		
9.74	0.994187		
9.745	0.994075		
9.75	0.993962		
9.75	0.993963		
9.755	0.993986		
9.755	0.993986		
9.76	0.993891		
9.76	0.993891		
9.765	0.993922		
9.765	0.993923		
9.77	0.993833		
9.775	0.993735		
9.775	0.993735		
9.78	0.993771		
9.78	0.993772		
9.785	0.993689		
9.785	0.993689		
9.79	0.993733		
9.79	0.993733		
9.795	0.993656		
9.8	0.993571		
9.8	0.993572		
9.805	0.993621		
9.805	0.993621		
9.81	0.993552		
9.81	0.993552		
9.815	0.993608		
9.815	0.993609		
9.82	0.993546		
9.825	0.993474		
9.825	0.993475		
9.83	0.993538		
9.83	0.993538		
9.835	0.993483		
9.835	0.993483		
9.84	0.993553		
9.84	0.993554		
9.845	0.993505		
9.85	0.993447		
9.85	0.993448		
9.855	0.993525		
9.855	0.993525		
9.86	0.993484		
9.86	0.993485		
9.865	0.99357		
9.865	0.99357		
9.87	0.993535		
9.875	0.993492		
9.875	0.993493		
9.88	0.993585		
9.88	0.993585		
9.885	0.993558		
9.885	0.993558		
9.89	0.993658		
9.89	0.993658		
9.895	0.993638		
9.9	0.993608		
9.9	0.99361		
9.905	0.993716		
9.905	0.993716		
9.91	0.993703		
9.915	0.993683		
9.915	0.993684		
9.92	0.9938		
9.925	0.993931		
9.925	0.993931		
9.93	0.993932		
9.935	0.993923		
9.94	0.993917		
9.945	0.993911		
9.945	0.993911		
9.95	0.994043		
9.955	0.994191		
9.955	0.994191		
9.96	0.994209		
9.965	0.994219		
9.97	0.994228		
9.97	0.994228		
9.975	0.994373		
9.975	0.994373		
9.98	0.9944		
9.98	0.9944		
9.985	0.994553		
9.985	0.994553		
9.99	0.994585		
9.995	0.994609		
10	0.994633		
10	0.994633		
