A19	B8	color
-68.94009364391495	-20.087618931115525	0
-87.08230057093145	-31.511757303551928	0
-135.18352971105182	-14.171420460715293	1
-89.63919863756465	-16.979484342624154	0
-117.91832660102169	-30.62196732760058	2
-74.83538698288045	0.6860052201103057	0
-137.67495803217773	-21.632082819388078	2
-29.27522566630535	-0.4873394990294673	0
-68.82749442118119	-6.825153991643729	0
-131.61915174831756	-23.20637801676973	1
-161.75864334118012	-24.12439547554754	1
-69.39423638851721	-4.678034986675815	0
-112.20264202041534	-20.094902014418825	2
-128.47481348613283	-6.474960741699593	1
-151.552268010048	-23.714332612787295	1
-26.855849319567614	-0.29543458048616494	0
-130.55608786251497	-32.24737381995271	2
-88.70869329964731	-26.426333017440797	0
-136.2887760511395	-22.69239235249982	2
-111.69777986415352	-22.80099866164711	2
-120.23883597034191	-32.88461793363567	2
-103.36305797197562	-17.909839762022184	0
-91.56333755482792	-11.503422224656285	0
-85.89593270449018	-20.019074988777643	0
-144.39660694410946	-44.14325345540138	2
-126.25842067179708	-21.62045241358663	2
-52.116491598238255	-5.824720668078049	0
-89.50404601656126	-27.888482050074455	0
-120.58326798323087	-22.411173271658406	1
-72.62604287040061	-4.344137138665362	0
-177.22308898423597	-21.865959711551852	1
-57.33693293427311	-1.1141260974793363	0
38.99948907784907	14.618144140098732	0
-164.55352532197938	-21.954458976237632	1
-89.82477794400793	-22.424782237753284	0
-145.5640152705397	-40.4535211795377	2
-17.95157433639803	6.110205308126107	0
-102.96531586343609	-17.101764668938728	0
-62.98790931512771	7.5814968384955685	0
-84.45234327198965	-28.676258193744125	0
-92.09480768776676	1.3807835522705898	0
-168.77262483680744	-29.87905799167597	1
-136.5716127608269	-20.017018909119166	2
-62.46997173454957	-22.2183107081917	0
-95.30157598645876	-19.59667669032989	2
-178.6541540486179	-12.838753659707402	1
-110.80304575384827	-22.522908993621222	0
-79.89240843091429	1.0812152412322849	0
-67.8875203512233	-9.123032581366202	0
-156.05397715477295	-24.90914472684106	1
-54.0335188103147	4.832904372684233	2
-75.00065441237514	-8.796988111006632	0
-124.99620131585907	-4.504146174834678	2
-152.34286744414652	-46.24661826582161	2
-44.51460615320804	-12.713882865740231	0
-53.230638145577494	-4.846146531157155	2
-151.94875643820492	-12.906316986282743	1
-43.76345643991076	-20.803959280836064	0
-84.08038956275819	-3.2864370795474884	2
-77.64372097621359	-22.100555722666037	0
-75.54942803165592	15.292390429544472	2
-116.24898487415139	-31.36524380146418	0
-15.892931209811302	-11.992996132286171	0
-144.64406398823363	-12.525481013897654	1
-140.57070465084433	-11.694315025535472	1
-85.54175950378577	-17.65695474091336	0
-123.52275103277968	-19.375322137342565	2
-120.60704925715808	-44.040486270598656	2
-136.63733239501968	-33.14068556922732	0
-129.57447756821514	-15.151437749365193	2
-74.22806210229692	-19.379976402400402	0
-102.55303578419903	-22.157578856702962	0
-122.6879353459311	-34.24049651743635	2
-114.12073133043053	-22.838517060253874	0
-158.41015853886523	-32.884260408004934	1
-129.66417136166598	-45.59096766429718	2
-64.86572790638601	-5.640127761532997	0
-164.30623226885578	-28.315926884154763	2
-97.06451467312192	-7.524080013552194	0
-176.288141778995	-38.03649670135221	1
-26.757676409763736	2.0284366313734488	0
-116.6083969346058	-14.15496126823311	0
-105.02126044925116	-27.17446020726802	2
-120.26108440974717	-35.87272014008193	2
-102.63176834344696	-21.606031683682463	0
-133.9169406129917	-18.499511889004168	1
-64.65263029654508	-13.655913221362779	0
-65.39141817893415	-24.917747315898414	0
-82.38205286026746	-1.8302345088573522	0
-137.5817967156273	-25.758374158369506	2
-72.07195425708355	-13.054593629365364	0
-95.33964258403664	-15.104666144592244	0
-150.22142349272164	-31.31412522087657	1
-115.32078464925328	-25.468277994258614	2
-151.14458964908957	-38.06986899484009	2
-37.795801812578325	-2.0256645839391996	0
-62.34093384998173	-30.714643852670537	0
-131.04860473536456	-25.885628773687596	2
-57.14991862399117	-10.381216246637633	0
-34.57910301007186	2.9440491870295467	0
-48.87239766923891	1.4396213571711591	0
-95.68730373187279	-2.1639110455268047	2
-51.103303826418866	-2.4532164625360084	0
-20.64953335698582	3.4889225556318326	0
-61.221252912528115	-14.795115340926875	0
-161.44364343150215	-22.431003019313042	1
-88.93503751743027	-32.08840497045573	0
-23.766613647409958	-0.8714303585925891	0
-86.5036387050958	-0.6818532398163621	0
-101.99691415230328	-24.998208869915125	0
-71.16827976502674	-20.318975282244363	0
-41.90128312067887	-2.366982070639124	0
-34.47877689924664	-5.708465602514076	0
-30.96866450287983	-14.285368523378656	0
-51.12816989150839	-17.236892330531507	0
-92.86745537439585	-25.262358825803755	0
-103.15694707400942	-19.8500866867053	0
-11.002115494604842	-9.507138596266012	0
-131.24034558680486	-14.409414037475992	1
-52.647340076353046	-2.9745559410335116	0
-67.16587740215026	-2.6476014764306957	0
-35.589307611926465	-13.299410651801876	0
-77.6633409454768	-9.166879835951965	2
-125.97258864974224	-15.970743077861849	2
-68.4408064014345	-6.435033692572145	0
-113.35692020332142	-9.152148492133298	2
-104.27824182358405	-20.863971169436315	2
-69.60060711855857	-19.168337227088344	0
-60.16587487309296	-11.755563924186033	0
-117.6909511317917	-10.845750568794294	0
-120.41131794808047	-17.69975165119472	2
-76.39184942691348	-21.742255686853188	0
-102.99643880279265	-15.768315625969858	0
-78.56161788632876	-9.038434506801867	0
-66.81758793278338	-15.15877381868697	0
-73.86887812622447	0.0977584743244789	0
-85.60244039711344	-8.799955986436999	0
-80.56406184109794	4.442720683656006	0
-51.9067705023453	-10.977183356306702	0
-119.17324998532554	-15.194983898356998	2
-68.85875790808123	-5.177600846934281	0
-71.01386088852806	0.08835527935997704	0
-124.30594090861335	-16.615866624390126	2
-76.42887661188985	-5.513204421774254	0
-48.45992313826128	-21.02352090068417	0
-140.4995585855851	-20.10569891010214	2
-142.45146738891034	-25.74652804788672	1
-53.660134397845795	-6.289257566625066	0
-43.46906122390454	-12.061931481163093	0
-39.0743203252211	-5.051925927603045	0
-3.142771620321219	-4.425668547567377	0
-32.623186611325536	-14.983325477213324	0
-110.33428302780732	-28.098250037356642	2
-59.38171166134221	-10.30154582521194	0
-75.61917617093185	-24.802510653114183	0
-114.8013056620657	-16.966554531291205	2
-84.43489681611123	-1.2758983731289075	2
-109.12255270262294	-21.120520829424947	0
-57.474619515963234	-5.015331537344325	0
-90.13968350223537	2.813823051351623	0
-102.0031017170339	12.999938833076714	0
-82.93091047065133	-7.981116960601896	2
2.0625192358524425	-15.70138707189464	0
-143.10580417205924	-20.96816618657372	1
-65.2710010766908	-20.145204162248724	0
-31.491964874237354	-5.721588413816253	0
-102.5378736424879	-33.518084518507585	2
-84.88433083821292	-20.091884247827487	0
-73.4684914871624	-1.9303113281491726	0
-88.48215415094072	-16.78506578295921	0
-166.32308614049077	-21.67429555973434	1
-124.5424722597039	-23.870188204286695	2
-90.54706034876035	-20.397675696639546	0
-102.62558833046678	-18.253922313481194	2
-119.09775555662718	-40.288734103765535	0
-112.29160981491472	-16.868498889105872	2
-84.96635928631797	-10.885773019303587	0
-53.70210096870688	-1.401080025818829	0
-31.05302727716111	-10.039009654702264	0
-80.54196643491674	-15.163400490120921	0
-89.88012997149659	-25.746564287367924	0
-46.71753975747853	-3.9919295843239007	0
-173.76481530120049	-12.952874693155191	3
-85.74636435939861	-26.81076151168823	0
-87.42402797053242	-20.31315926834367	0
-121.42986562857334	-13.775335636994077	2
-133.58656880839558	-11.985354445132664	2
-68.38542516186435	-23.13390143502812	0
-106.91975679016107	-23.354522702238974	0
-99.52029790387293	-28.13921205732708	2
-145.1183789533872	-19.18748304003069	1
20.64345034451856	2.2883344604782008	0
-44.681024849028404	-4.3087838411408	0
-117.26266714959787	-12.684499744044942	2
-36.97752961091164	-22.888967008716293	0
-108.36309715117223	-25.057438614019446	0
-128.18658644783804	-34.03014331118546	0
-133.62271854968986	-26.236832976455222	1
-110.30844162025062	-16.727671760911125	0
-114.49739051415636	-30.875701133391015	0
-44.63500987043861	-1.8144024281609292	0
-119.69573166752265	-26.634465138771862	2
-71.34187261104536	1.552894374721575	0
-40.04340981538708	-7.392703782441654	0
-83.74432927205375	-22.419222854909368	0
-90.1903484345953	-35.79125153423466	0
-68.61932668669579	-5.313809775015841	0
-117.50108360678999	-11.813534712396974	2
-124.01641677071376	-16.914448254932214	1
-83.34357513184295	-15.5573593476621	0
-158.08771981328	-23.80698158775023	1
-75.61374539961257	-6.25455434754051	0
-98.7876307885303	12.041102564539491	1
-39.89967609137392	-20.208755901159137	0
-137.84195572604673	-27.36674522123414	1
-37.90467464960469	-19.430973434126113	0
-84.16881896646382	-19.934803367492286	0
-37.81118322244508	-1.4071180354218502	0
-153.29887692376488	-19.998337852150165	1
-72.15469333649419	-16.973913352892612	0
-129.61650176949053	-23.132451983704367	2
-46.05842198410797	-9.541366590875699	0
-84.64066382609357	-31.34754735127188	0
-112.72041997479975	-18.144407259499435	2
-42.569055792549996	-14.173537361254732	0
-32.660812226589435	-10.9039064162045	0
-139.90352811578347	-19.476533380915093	1
-119.53646593519215	-17.48480244258312	2
-101.78181121858114	-23.198293782914902	0
-93.07588095196114	-20.611186829315017	0
-149.66149032744894	-29.73392341884422	1
-95.8329834983729	-12.302711349015768	0
-87.29774560202121	-13.192259676704435	0
-27.910475018760128	-5.813771815779076	0
-44.86204401460979	-12.038802106853959	0
-100.09725359213557	-4.931567610592323	2
-81.01934015294248	-19.607604647943713	0
-64.9632448500687	-10.342228299285543	0
-158.51859529229364	-22.7725917399279	1
-94.28124008134363	-3.2759794392660213	0
-71.64900380199111	-7.138971443891501	0
-92.04712952661475	-17.088627782432642	0
-158.0629599774452	-23.680452388419692	1
-111.93105779353985	-24.231470123646616	0
-48.990491436462975	-7.890946472571596	0
-81.97284787747769	-23.470992608452686	0
-99.17365656349219	-14.052891953450935	2
-104.21562746295913	-19.694765672934587	0
-75.8151121603428	-4.635387416346761	0
-161.23803690999037	-21.898172492196643	1
-61.79627870715607	-9.146041718630626	0
-39.99560943899719	-5.762870403296785	0
-56.479068264186225	-26.32856261373277	0
-80.49230006809324	-20.770102765172798	0
-71.18447436599095	-19.464544587483974	0
-88.09936149012687	-15.495900649583664	0
-90.70864492817509	-19.105416602774383	0
-127.78996789579922	-16.77946361941589	2
-126.30888873372545	-22.571471689037264	2
-92.31745506239912	-20.93605192187642	0
-75.96116199394764	-17.952349213129708	0
-173.02778615995754	-25.116016124626018	1
-119.22010356102935	-15.87463816163839	2
-72.05069580227585	-14.810938865836398	0
-103.62082151424892	-15.262207786367954	0
-57.63249766111224	-12.271470662011279	0
-117.22488089962792	-47.16383571419937	0
-108.76767307221775	-13.390321614225606	2
-62.39380495821515	-18.466524255174896	0
-117.76928797715857	-18.848206463842704	2
-98.89994219912323	-32.22903421738019	0
-150.9500184086049	-29.76585602123786	1
-174.92693084526638	-19.681763707919657	1
-88.82169383985884	-16.430876225786058	0
-121.35781957348921	-14.784977207464786	2
-117.58867171449363	-28.10966697995878	0
-108.13108008261997	-12.115996820588705	0
-30.219475377494	-4.210556108275635	0
-41.40437366288426	-4.999115119038978	0
-147.29914289074625	-38.67432156455367	2
-11.661898403553176	-0.5351127732099655	0
-127.90052441018838	-26.178427606766487	2
-114.63951139108693	-22.566682645453113	0
-132.53059162991573	-25.015796818941705	2
-154.45133135062966	-26.620534569557424	2
-81.24130452640686	-26.894803616335672	0
-35.601307100685716	-3.863073728353248	0
-122.03704877108952	-30.538281597180333	2
-68.11986144170066	-20.0160987280632	0
-109.17575084606167	-10.338329460756201	2
-52.25518651439162	3.4813184016504484	0
-39.60365473367432	-2.280386472203799	0
-52.00625580365668	0.6890507025024768	0
-63.51103939964114	-3.8167805226302054	0
-49.56488252108112	-3.814821483921359	0
-76.7353199316901	-19.029149882840354	0
-128.81783016800608	-8.907994999887595	1
-122.89478378981123	-22.696226417873056	2
-67.01834274900068	-1.9475580517690276	0
-97.53542685578597	-16.50226140858133	0
-76.00030058365331	-25.531499446630708	0
-136.99698413065224	-19.37303866117743	2
-104.50018821884804	-16.568598923122146	0
-85.18960543137896	-22.075372993979162	0
-178.24917717440684	-20.060695890249136	1
-130.24115479274468	-21.644171219295817	2
-67.4590413558663	-7.7191412229526	2
-65.39216288559624	-13.47139665434096	0
-40.12523755665682	-0.08754808362870789	0
-158.58834487344564	-12.36359326249701	1
-71.30760057955473	-11.667309622312812	0
-39.91399960834972	-1.454861415585438	0
-59.78943378691034	-23.698770599188123	0
-124.739640150936	-24.669760789013342	0
-78.65831781727013	-13.902335323881251	0
-94.68531507287317	-15.809752048930426	0
7.8486036251919	-1.4434881941203035	0
-82.91019788963432	-18.225779543209264	0
-141.48581778217695	-45.29061063871306	2
-83.13271913679131	-5.774955876988623	0
-103.91742692822999	-21.37858347928674	2
-82.30111930440454	-17.705182029577312	0
-26.25619773090883	-0.4252699876811503	0
-74.87877635301962	-19.396752442714963	0
-101.90725801978746	-29.406277929653285	0
-71.08455173610953	-21.890941960857397	0
-97.61957599073418	-25.47291170518935	0
-77.17306994556375	10.48196129350968	0
-88.26648136959857	-2.195775003839575	0
-74.29978828951616	-18.987253751162488	0
-149.13607079575365	-17.66046305957486	1
-105.44206805329614	-3.128751708502663	2
-103.84450224200769	-17.727133874090978	2
-99.10175183651475	-20.13070556074644	0
-132.31581433965488	-19.17983666954074	1
-71.43673195943309	3.210471111873396	0
-76.22667915580904	-1.1848750413880178	0
-49.32302389104455	-9.507682311354348	0
-42.43856033913042	7.957745422380673	0
-98.86291193426653	-24.19819051158736	0
-41.138107196995996	-2.9286905522736317	0
-120.27140248373456	-44.55039240659473	0
-115.0073771685146	-23.82036192548516	0
-113.60384148424478	-20.97913652450424	0
-99.65680736431189	-23.815106634481516	1
-81.8154806554973	-4.473555067131825	0
-167.96886940275135	-40.898581697526204	1
-131.38928442173793	-22.638174853818324	0
-83.22872356207947	-25.823634338296603	0
-51.7090328750575	-4.936546761317893	0
-51.6077528504568	-18.476431561971307	0
-168.96012894190713	-25.46026488619841	1
-42.36483496426951	-12.60577214042453	0
-85.94573578135162	-23.84513406487064	0
-154.13682234911658	-26.2006991006597	2
-159.63314803200055	-9.729978501609098	1
-113.35611646742045	-2.869227464708255	2
-67.4812872742783	3.0587738402019244	0
-173.47847862076688	-11.800199919266555	1
-54.21319728644476	-21.03990893558085	0
-128.82773000435387	-28.667823278177924	2
-112.27123094718414	-40.86969772364373	0
-60.816429045301525	-17.73346566280453	0
-110.70456384553474	-19.97509665017952	0
-117.22931176483806	-42.80037287932764	2
-39.74031573450609	3.8335215410702936	0
-86.30478118514999	-25.563493409896953	0
-99.84016468371888	-9.82356264535316	0
-130.9140495425195	-28.147549883416644	2
-90.48792572221988	-16.400639195936705	0
-44.55495413165559	-21.507171492926734	0
-114.2199193877949	-6.89959151893106	2
-113.51587565035446	-43.372941625157395	0
-94.63004166394002	-26.033960824512427	0
-134.52647694800595	-25.63121715600908	2
-134.05561864458087	-16.89305037308007	2
-51.63365099173416	-10.387171471891776	0
-32.995795507467186	2.125584262797708	0
-21.399986714623985	8.813494157266664	0
-109.37082475469873	-10.143563275737213	1
-38.64744455821366	-13.1751497239658	0
-103.71988615029287	-34.585841745373905	0
-69.35535728594981	-0.04031741791668907	0
-48.03425821573929	-3.098747205522899	0
-110.44306774102152	-18.768475824835086	0
-121.43928311641925	-13.560774677157209	2
-90.08610806214308	-28.144249811047363	0
-40.21779341711577	8.87039969942236	0
-97.05576008609762	-17.039171049624702	0
-139.71570652182547	-35.95592300319499	2
-41.23414165311928	-21.95314832360978	0
-24.785412639696343	1.2210618341922785	0
-86.8082089626742	-30.278189644820557	0
-71.02180307780623	-13.968535909024634	0
-113.77928343002026	-33.905141599858304	2
-109.68292684416217	-19.084942216132028	0
-153.19477113567416	-28.953188044896955	1
-50.37777535605561	-12.230849127411183	0
-93.61848137484752	-20.991046863427464	0
-77.22870910739537	-31.72909189295957	0
-91.32800754846275	-7.90636688603457	0
-99.56365911765505	-11.691523326189401	2
-69.80508008714365	-8.336010692655057	0
-105.22469422016674	-13.170162974718421	1
-79.81688317186718	-8.972080102343583	0
-57.77828493657833	-6.17825926569083	0
-46.29235143550716	-4.4134441146899235	0
-96.45653266852106	-10.005400450732887	0
-102.10380835997807	-23.629011756668564	0
-130.30609510455048	-24.61581225083813	2
-118.12260369945145	-17.09929136296512	0
-133.0631033887712	-12.47191296398366	2
-92.75587383740515	-21.961706290052756	0
-24.31618469459887	1.7589332258519448	0
-109.74186489308903	-23.3561282765252	0
-151.46061344977022	-19.032353310938056	1
-117.24543295683856	-20.573038698114274	2
-113.16245937573109	-14.171376999869265	0
-133.83802108625883	-24.5698526208788	0
-130.80156325880355	-24.297001426161447	2
-29.31690818489167	-11.399280864575726	0
-61.09282088631268	-18.524554276370544	0
-144.338978927692	-34.74822111117446	2
-67.04878038456535	-18.681028916821223	0
-126.45825943678905	-18.18172366587907	2
-108.13429162209135	-22.14990831072271	0
-163.8686721570474	-20.3460947359205	1
-143.78179319704896	-15.258257923299121	1
-119.52661185952844	-29.6985878244635	2
-127.98142891621369	-33.89151941106342	0
-46.696697404198936	-5.673828424695924	0
-73.71833842371088	-29.254213431200455	0
-55.657565631871584	9.258724101300897	1
-85.47961038544905	-25.823272466065383	0
-162.1773003835659	-39.22021365315856	1
-65.0500172030037	-12.021333757540916	0
-103.35864042598544	-34.64846446731304	0
-47.98567366822813	0.8669066305287307	0
-33.406950844871105	-2.1024843889097644	0
-42.516465423521794	-21.373338626271867	0
-93.70170454296095	-10.02103070375028	2
-100.43716926656016	-21.59414794081307	2
-155.8361535533776	-21.381587128061867	1
-140.33179180501182	-7.553345854365201	1
-106.00417293659557	-8.179027482475403	2
-139.91079510573627	-10.969265895963108	1
-123.12874173243777	-18.809393427000103	2
-111.86401110595578	-20.141404452632443	0
-97.57726849709002	-10.590543791493856	0
-91.7410798425506	0.7714974150942314	2
-79.74966503567039	-1.3504506265416236	0
-130.13018539600952	-41.5884821856343	2
-115.76186370204799	-20.838182614078043	0
-42.172930400712325	1.7480966005569178	0
-99.31167626368418	-35.46617405502781	2
-101.8131572414437	-31.745304987108952	0
-137.57014102745853	-16.35761876113109	2
-138.06949496092426	-30.816209575663976	2
-72.9417716053162	-18.842150129681553	0
-93.85041160240908	-11.804369823131118	0
-82.9649897661656	-20.084843192147723	0
-92.40594903987278	-18.106681985959796	0
-43.987986851227426	-4.989036169085439	0
-90.38018939671197	-20.172590824216112	0
-100.07389118230945	-19.614502388916808	0
-103.09671079262519	-19.848431681580053	0
-154.80910240077094	-8.117904719297025	1
-148.59726181093703	-17.077621832364066	1
-121.02360296921685	-27.45966840364658	2
-99.25509757549665	-38.80626332739208	2
-87.21857709934437	-15.591492148189834	0
-45.64459579794601	-8.461042986376524	0
-123.56210231774867	-24.23571818498918	2
-64.16463771616515	-22.40972899976183	0
-101.97437789975754	-12.502308869470127	0
-120.38373791972403	-27.111973753812034	0
-39.47286263600224	6.580774007974941	0
-136.0985756187739	-6.11717310234878	3
-121.21900301494325	-35.3004303365941	0
-87.79439909635587	-25.131335069730536	0
-144.75229098261607	-37.98227506732972	1
-96.34126549772542	-20.669512385810155	0
-152.8119239447751	-32.98537941625246	2
-58.29557984116748	-8.58775735637568	0
-128.80941756167027	-23.587342487411092	2
-91.1907980444885	-29.208141082279642	0
-104.8430653422871	-29.042362280404767	0
-130.57939704112866	-17.3702808592912	1
-107.42136815081176	-24.024653412657006	2
-124.029329491335	-23.523345965549964	0
-61.431755949954145	-29.740838050768904	0
-84.41350317933548	-22.678766071042126	0
-144.19450427334363	-17.725467354210334	1
-161.0775029587492	-32.18373645506688	2
-83.46677284629551	-8.206828367218574	0
-139.50196819919452	-29.97557112735893	2
-135.64010381507572	-23.590397775595896	0
-121.2655762408697	-37.87096148777333	2
-89.74687984955067	-30.238912367482694	0
-70.53806661847874	-19.754365961259005	0
-93.16017580759399	-17.294345183434405	0
-91.68528372703969	-23.712166048500404	0
-5.272788020283658	-0.021173122029591412	0
-105.09806637785344	-21.472518107994144	2
-126.42690587160781	-21.17705483902338	2
-118.64990827338504	-18.933356897575894	0
-169.79554686272297	-23.829603543987385	1
-90.78687006924415	-33.996218336329555	0
-7.988773856713041	-0.6393634584236112	0
-90.38194857070462	-18.242218260221353	0
-89.0866085305493	-23.070771272730024	0
-34.241101754436116	-16.718185489108137	0
-109.30804402184467	-16.510935619992242	2
-48.818454653671644	-5.495528511141775	0
-38.467553378988846	-2.777164969823169	0
-103.95391757630195	-41.97034136386753	2
-70.35662137660239	-9.114148798220658	0
-107.95039366458212	-21.9342299835632	2
-52.951223988761896	-5.525250120452627	0
-32.41660150552068	4.4683387401133885	0
-61.247782772841475	-7.450094033526415	0
-131.7839016546581	-42.29163401734597	0
-161.00009603827218	-27.27129240246909	1
-60.428521455757924	-22.786253622668216	0
-66.66635647181597	-12.784439861689675	0
-38.68996518008404	-19.75746518454133	0
-167.77941575537855	-18.906271063124997	1
-128.17322231396517	-30.62905059485984	2
-96.90414696261249	-15.579306595583336	2
-114.52639623397222	-15.051489002003263	2
-84.55292091897749	-33.656753054356294	2
-53.181804608274184	-18.9860690450862	0
-65.01454967676028	-19.105924874777354	0
-117.35191187091296	-40.745181778554816	0
-70.26094888932323	-23.018029228083652	0
-11.780323737868532	-6.497588256697933	0
-103.73575221925104	-4.634394713074479	1
-91.69033341826824	-6.8557241049935085	0
-146.10318021140586	-42.89416916421201	0
-97.91607927016234	-20.529713403813368	0
-148.9579329415136	-23.631486343488454	1
-72.70393909780972	-8.339421185458372	0
-107.16722848628521	-19.337071525323772	2
-129.10760111082712	-14.06910064969909	2
-70.70137555676494	-2.2978924073339932	0
-46.05778508856927	-6.743974255634967	0
-121.25427789837589	-27.869522168997502	2
-144.64584114594572	-30.378901480009425	2
-78.03200460124417	4.303506189528721	0
-112.12371011913855	-31.23066796570671	0
-149.8021865186915	-11.434883349281415	2
-133.34936030622188	-23.189112636788558	2
-73.64829803546137	2.2750666507296726	1
-110.21526711960819	-12.774762924291794	1
-117.55697699543455	-22.976399871053253	0
-107.35761485823336	-20.324243146383715	0
-46.78550991884649	-5.473469263606645	0
-49.05931326971685	-3.78933233617309	0
-35.52782311759513	-2.652795473484754	0
-118.95854927441943	-10.385526305806364	2
-144.01549832085817	-24.69828130490862	1
-83.82265485340136	-26.320631566678653	0
-137.72856980465764	-20.68580612927016	1
-90.99312753008397	-19.12015130378425	0
-110.00780170327138	-33.6599421355252	0
-112.74610444649535	-34.9909152131887	0
-64.8620681201049	0.5548264336317985	0
-124.32213948248582	-12.401046484783842	2
-30.17469560735592	8.205633366298626	0
-87.2770941100175	-10.285943029994582	0
-35.73565459295014	-23.696265769155218	0
-140.86140951360625	-33.676640093544776	2
-126.18795709191912	-46.14761647920865	2
-126.63385307807732	-28.67247217571185	0
-117.55604244189635	-33.327320089555414	0
-147.18599323997387	-21.399881622660782	2
-57.70435482035933	-15.888713478878516	0
-79.7785243074566	-20.712641792298317	0
-62.79212222278653	-3.028471300623101	0
-181.92805381596978	-25.092514531650963	2
-74.85978678473344	-7.740683311407332	0
-97.82352034346496	-25.418193718945254	0
-149.9277192067501	-36.94512423198659	1
-69.23216027068011	-12.805225983878513	0
-144.4248880055197	-46.165019452463305	2
-152.12358696942192	-38.10159473379672	2
-20.91437131395717	-7.163069784925769	0
-113.5899101176735	-23.121664919084036	2
-124.86658058260748	-28.72218106221831	2
-196.06158672968013	-35.49148957401114	1
-132.44001767307716	-42.80035330915442	2
-78.33892191690475	-18.232805646296864	0
-112.60879581431018	-14.76819758199483	2
-166.7072660369887	-29.277547100357452	2
-110.79627854936307	-22.413762673377924	2
-96.25215298444388	3.8585905020799136	2
-90.40510969504528	-18.7836696790293	0
-85.84452357128049	-25.138956507292313	0
-62.749148718932055	-10.149300094999543	0
-39.520614362462005	3.102784129421553	0
-86.48147612123543	-26.42793407458028	0
-72.77715358014551	-5.1252755697838746	0
-132.3993839619183	-18.377838847352525	1
-45.347495496022866	-4.487386390060569	0
-140.31378145221288	-21.07662439537758	1
-85.22041161696127	-24.40776302609123	0
-145.31246101266575	-12.855807228406482	1
-106.75122182007325	-10.017261054137236	0
-95.79237238452049	-2.4113557258429097	1
-103.35780872720026	-19.678581235834372	0
-156.3879532416198	-37.31500336829396	1
-90.35817182891694	-21.06371857285852	0
-123.13805093838306	-18.99738559428975	0
-42.87181533363776	-11.21251128984787	0
-107.57745087539965	-14.43458912539541	2
-138.6023663504193	-14.6043615624816	1
-31.401133077861516	-7.446746038138557	0
-57.99252591408561	-8.498254196115932	0
-36.94328692420917	-19.7125048839956	0
-129.20212201163918	-21.45680527765219	0
-163.38965213909717	-32.339630988262435	1
-91.90258433892822	-12.778929051239388	0
-58.97438201157886	-17.57386649716942	0
-134.16542042126872	-20.02664926028162	1
-58.35118877576574	-24.95225568695819	0
-154.72355177149328	-18.926233160322464	2
-74.57431547793657	1.3032444740536313	0
-112.775171218825	-17.409911000782458	2
-89.38071072405205	-17.999546368980404	0
-108.52890050994866	-24.74137086739624	0
-39.429272112556845	-7.031227490323892	0
-113.09254878314408	-24.129099426894314	0
-106.04126495581075	-11.236032627022661	0
-63.7900102859504	-14.364089017529002	0
-107.89059910475596	-27.088784318629795	0
-66.98524176118976	-13.58101621978873	0
-158.58460074553747	-23.91640558288211	1
-46.489485294709496	-10.840790761977601	0
-145.39660936368162	-20.71461199185422	1
-105.22160544734251	-16.798219669618554	0
-116.83322819541829	-21.48669317397527	2
-72.66756158441908	-6.538597724399016	0
-98.52759861242295	-3.076362540063562	2
-57.890308186574444	-1.289310719395265	0
-127.28212244191926	-16.649360231760763	0
-146.26783132455665	-24.69226496198559	1
-39.920158735366996	-4.377703133136455	0
-91.68487074187591	-18.194057480737094	0
-71.67377744076401	-15.766000375920697	0
-61.569805441115555	-5.183216858364159	1
-96.67512838098341	-23.472971534585664	0
-129.93316335490871	-12.388833003790095	2
-160.8509618670624	-40.08643812521843	1
-134.64459803755895	-24.119135956826543	1
-141.52091049959182	-19.36459910834177	0
-161.99578982296381	-29.571611300306543	2
-82.06021945348651	-1.5301777222872133	0
-133.90583935781856	-19.252715594093925	2
-126.9743579645941	-34.974570190833965	2
-139.33786077244815	-27.68786431166995	1
-124.38013392983977	-27.882439270741553	2
-83.23715825815968	-7.9868390362577895	0
-70.48010351071437	-12.614345414779754	0
-91.01109662726324	-14.614370613825542	0
-8.119761843536141	-12.338862322627325	0
-81.83065544641298	-18.7339107036314	0
-121.36487734048667	-18.714692476805844	2
-149.08135002708457	-18.869463636223305	1
-177.10852314425148	-42.805713549925386	2
-19.44388660507076	-0.7157444563868927	0
-125.61255031410576	-24.34536843456962	2
-101.04935914232209	1.4276706641981063	1
-119.43292206844606	-16.593203691080475	0
-67.08506521798196	-18.309237480621967	0
-80.53970522323063	-10.181626433219337	0
-121.2132582479233	-16.25431015372823	2
-66.14611508743252	-7.5161712071461215	0
-171.8127190995004	-21.02344609743245	1
-48.667273453839336	0.302518924214667	0
-101.42682108491246	-11.723692637610378	1
-74.3414463297601	-18.571371402677986	0
-149.06090216550197	-43.63654741410312	2
-87.86470699680476	-4.839376139280645	0
-106.18862104699183	-25.252366928046317	0
-126.31690168042049	-44.63995463210568	2
-144.44221341990013	-12.64668415091578	1
-141.09013800241934	-47.02444686753381	2
-73.89594450367657	-19.935386309111603	0
-76.07079608657767	-16.649469743376688	0
-77.89102170475593	-23.857992505701493	0
-155.73569918404695	-21.83753324546986	1
-103.8315509044573	-24.094550386996357	0
-2.888520195186581	-7.413699769334812	0
-139.3496589356109	-21.738067117495028	1
-132.51119248874272	-31.50328385718046	2
-114.62858686773092	-4.186694083250503	2
-156.7585942163748	-38.27939760537451	2
-127.98990244501134	-42.25869249836213	2
-112.74009338518034	-22.72391759533344	0
-67.54307312741457	-5.010420208808872	0
-79.85646182338557	2.733091975367928	1
-143.94179036472298	-20.8677520104276	1
-81.26818215175877	-27.520802406697964	0
-77.55162501042527	-23.080382715385717	0
-9.153485427666405	1.5776862560379405	0
-172.46709180530019	-7.510590745621015	1
-116.57249424953528	-30.40359075310375	2
-160.45554047447519	-29.375349178260063	2
-104.22657969866293	-1.6032691073059473	0
-157.57980206779735	-38.83644247339245	2
-55.31183114066723	1.2787389029668157	0
-161.30152153760932	-35.18749233510648	2
-119.47027636334604	-2.4117467456341433	2
-85.82190967998383	-10.261018746491049	0
-58.151801319881145	-2.9513562162110767	0
-41.095534784938145	-14.252164790045594	0
-166.00260474230475	-12.11218743682676	1
-133.41692231894248	-24.090628230815568	2
-145.39876270135724	-32.61364674777586	2
-91.8347109941235	-27.359721762393242	0
-73.95084499033314	3.421314198256343	1
-160.61239179329226	-38.46396640257196	2
-51.56513340391986	-6.585186364650627	0
-122.23120249466541	-43.17619551931782	2
-115.40491885073551	-11.864810187715104	1
-65.2104614009702	-13.623031621845746	0
-121.12382664150141	-31.275349449518558	0
-83.51754826925234	-7.006594463061207	1
-113.6651816797509	-29.02145586950202	1
-153.12222646879573	-39.53144402183819	2
-73.6327486391532	-0.2268123084426408	0
-59.73910552129391	-18.044385507599216	0
-117.91551262481632	-26.492234232552608	0
-82.2692264365528	-4.845597018091017	0
-20.414886625415406	-16.379916740897045	0
-101.69674632695158	-39.30279408253829	2
-124.91226141917295	-22.784143190910083	2
-93.2587126875434	-9.458193415685615	0
-41.071931118149294	-5.915537627787796	0
-66.49633407763761	-6.819334974117991	0
-110.697183962205	-11.712322735174936	0
-173.54315354611373	-24.270891003707355	1
-160.46872739018468	-25.825889847491133	1
-98.47934452165028	-32.73109483449571	2
-90.36659720819611	-18.065324317214042	0
-165.52201426454366	-24.107381919852553	2
-78.63224252173049	-8.075194651735345	0
-52.14116539140895	-20.50408313786707	0
-87.22857376071322	14.502387695238692	0
-102.0480377291917	-25.46215852963682	0
-135.53195606757015	-30.097633166696664	2
-112.80393739595911	-35.10487709380837	0
-133.81351198400512	-4.254442792724151	1
-98.1277800858924	0.7929989183378314	2
-121.87338081544677	-18.300763851787263	2
-82.24269795037299	-7.997540799564601	0
-140.9707005267538	-17.28067499788403	1
-74.92245462070107	-18.056941644620693	0
-59.14926854222291	-23.168611866198653	0
-54.645604570041506	-3.485377367352456	0
-79.49109953935249	-21.571790434452932	0
-108.65965143296361	-18.823720009757764	0
-108.72901010609158	-29.717986215595882	0
-98.14018202162165	-9.681862104244026	0
-85.63080217594475	-18.840689176826896	0
-128.70001211225633	-19.505030926936985	0
-100.44883164603891	1.058283166045026	2
-122.72500372193127	-24.038884839583226	2
-168.29687972589883	-37.28409193487506	1
-88.63345570458449	-8.946179046106575	1
-74.06645873236522	-27.272995095250884	0
-154.4447970931614	-19.453627538914322	1
-8.04127852674981	-14.77001519869291	0
-140.87489300485066	-17.77024520812616	1
-103.81828315017285	-4.972489252145845	0
-163.16916133411098	-35.92491757524803	1
-154.75372215563118	-49.58861187291852	2
-48.598009931147395	4.660709323450986	0
-26.90106971668521	5.623270652234379	0
-118.87099554841478	-22.406979086942023	2
-99.83240251426082	-21.368891594842044	0
-82.2355325956395	-7.805664066970924	0
5.05241886032268	-12.766613032642718	0
-39.88358418320077	-13.180670846437986	0
-126.77963709626631	-40.51733428082006	2
-114.05235616366589	-20.224809985508244	0
-138.49048400043492	-31.6910145825871	1
-158.39008826896097	-33.67694912499894	1
-84.92204427840349	-5.52400989557324	2
-139.48489205658703	-29.205498571239687	2
-78.23087138500755	3.352069964953393	0
-83.25487328470344	-24.339273653938154	0
-116.21876789543268	-26.6723524640322	2
-138.0437934671605	-16.196644947021117	1
-140.8191756331838	-18.604603952165473	1
-83.59645707009746	-31.172101187925417	0
-123.41585664582722	-21.09958042867221	2
-134.69274378243716	-33.48496818939422	2
-108.63385878360903	-34.77889424607037	2
-89.45735780161559	-27.26014497389775	0
-84.76045999071569	-28.644092473978805	0
-70.82666774126373	-16.852419662398148	0
-100.39328537644022	-21.16840826530545	0
-64.7502501480803	-4.95064214688306	0
-85.09848904112135	-16.010201747510052	0
-131.1876674133885	-23.74210708671585	2
-64.58355484629277	-29.080207091132305	0
-123.54781310243246	-7.582824055756439	0
-183.6182342472297	-34.89603363914102	1
-72.42334716762416	-15.253439020793131	0
-38.95171578058941	-4.809161921601357	0
-85.73217902427466	-28.031294486417757	0
-70.52106712054989	-8.955929863215268	0
-105.58453458101044	-16.91280603902335	0
-70.12414231222772	-22.142579123362538	0
-139.564258724285	-13.73481317432832	1
-154.92108625903032	-7.5944200839038	1
-176.4309810505376	-25.701341975043107	1
-104.57084390176252	-21.813480949103344	0
-16.124872166557996	-0.5977231197219907	0
-70.84739038229222	-25.209146939949466	0
-66.99233381214599	0.907511075808635	0
-178.53489523784492	-23.446872061474345	1
-89.8553490333527	-12.638787771486463	0
-60.47203692781136	-23.781008870941093	0
-115.88555797444509	-18.515864300523262	0
-85.42803237404856	-21.70570012070787	0
-71.62864072451588	-21.544710097489915	0
-83.59279195557143	-5.498133943550078	0
-76.15773681013687	-27.069644304483077	0
-134.62047752289044	-22.633684534884654	1
-99.0312980966938	-4.29033047325493	0
-96.22015921196127	-17.85043745698722	0
-151.960854182236	-8.271271405934042	1
-96.67166226324112	-17.62678859837304	0
-106.89660621841549	3.6016836659601337	0
-118.11281738170855	-27.575779733438427	2
-123.1453931703576	-31.12387752370614	2
-111.87895552102714	-21.443312677597067	0
-161.53250474736512	-38.17948733215692	1
-129.6244385797514	-28.853179847642995	0
-54.903585592079075	-24.890041731365102	0
-104.05677726065035	-29.565023390861366	2
-139.3405960288264	-19.48459809946927	1
-77.24748614815016	-18.111111543540765	0
-82.42664393780976	-22.238424291344185	0
-119.2949227224163	-20.221395356492486	1
-99.32351243055665	-20.831994190164274	0
-112.13147960134239	-17.398441303416444	0
-78.66349094821953	-11.365955466097018	0
-101.85707796612358	-20.81742200515037	0
-97.68900505441583	-29.94051381637591	0
-131.92529904462918	-13.07931107060474	2
-97.1384079000871	-20.539394352340167	0
-79.51735818509866	-16.385841117213868	0
-95.57714669189218	-18.706209885613372	0
-156.48622474449004	-28.09901999054409	1
-139.6291683120973	-21.778179127112075	2
-142.3403943711588	-14.389024987969604	1
-95.8962142177295	-17.360967660691816	0
-140.02068311756506	-23.95745182507816	1
-137.64049949716002	-47.84845898404719	2
-58.78156632151183	-7.844801071457597	0
-142.23486723774087	-24.266839490248802	2
-141.9942332886217	-5.705663650158856	1
-172.40662768137923	-35.46860611318963	1
-98.61936980369404	-28.800736815976556	0
-81.84974204273959	-5.717376522661369	0
-97.36609287238375	-11.23378803701371	0
-55.69813824013002	-21.538795191769108	0
-149.0211712660438	-47.78304214048011	1
-155.81760364749812	-44.60286120157188	2
-124.73047802176997	-15.41506295639499	1
-104.31663573230435	-15.173608213952171	0
-81.13145778538488	-26.11564093883878	0
-106.27123037803375	-30.95794710849809	0
-87.20762293910852	-15.877045396805917	1
-154.67669107187066	-22.314960790226802	1
-84.61997932864993	-26.424539279284158	0
-58.3808329281941	-19.070337238662226	0
-201.23643693494247	-32.259976832457866	1
-63.89530562880237	-1.674599396343257	0
-108.06392136591181	-22.32112547116732	2
-140.70181889262892	-19.093192233059817	1
-136.21190628086237	-41.77030998712928	2
-103.32503207560528	-27.983325886252285	0
-89.30996662521416	-14.816496631409453	0
-150.1060565379327	-23.72027054069709	1
-146.74931100608956	-24.36125008398631	2
-141.68055147452816	-9.555632766117764	2
-76.07780272993413	-20.333703698161912	0
-137.92903738321226	-24.801039469004447	2
-153.9660829409155	-23.55905063879481	1
-89.86008522675215	-15.96011471462669	0
-168.54888866786376	-6.7465147190727786	1
-107.80994925999315	-23.655859826446903	2
-136.5564216624066	-40.57234052560652	2
-127.58376874537538	-17.994029177532553	1
-82.80239523518713	-18.582635591798702	0
-112.93424569378925	-29.85762697875904	0
-91.08401823834143	-21.249802945636603	0
-133.06560637048494	-37.621835269150026	2
-145.38765293562034	-24.62603471186153	1
-153.6055779925143	-41.811113387050604	2
-112.6199161600495	-19.933455678779055	0
-96.66848762553155	-24.483928712949993	0
-149.45212727468876	-30.48917101316932	1
-140.41605040987818	-8.010991019020231	2
-159.04625642947897	-31.592401416919497	1
-142.77850832619356	-24.294537270458143	2
-107.90387215058574	-22.094640472717607	0
-146.69879398941936	-21.26431481481452	1
-160.1788190870303	-37.359394042011715	2
-76.97594878669165	-2.5618738041277895	0
-141.3667179580573	-25.35354960181974	2
-122.15269184260865	-22.86639306234746	2
-123.36860059790959	-23.670930061452214	2
-139.62630888650745	-34.64320598048824	2
-103.25304436103937	-35.84991572200046	2
-121.60671860272248	-9.583851558014288	0
-116.01086939699555	-41.253998308542315	2
-75.73306712994669	-18.370725849753057	0
-130.34180315576046	-36.50478633077067	0
-164.35123588983888	-52.387116360810694	1
-66.04452792507105	0.38452589911461477	0
-104.77889501628206	-33.37796941415891	0
-120.41739098197064	-32.204253444745135	2
-116.21754022773456	-31.130210422858056	2
-110.487052568882	-23.683228425190546	2
-76.48728454373538	-19.077179870617968	0
-141.97220893458686	-46.486201172541456	2
-100.77890739768776	-16.28877998981962	1
-118.23706575272665	-36.99222555502011	2
-163.62848158989985	-33.294916268796484	1
-101.64237666589099	-32.86138092402911	2
-134.64429879953676	-6.30623195095244	2
-107.15077277382736	-32.168749449793324	2
-143.05238721257544	-18.43971510592364	1
-135.48708413661637	-21.540377167836073	1
-82.06346567836029	-14.566704549326264	0
-155.00885753810735	-12.724995499093792	2
-113.49564354468203	-23.663186523942176	0
-136.99515293403243	-31.636354949812322	2
-125.26691930848824	-43.21925942070313	2
-101.83011250110124	-17.40270717830684	0
-140.50092699489025	-38.59604334399639	2
-147.9291081654345	-19.615896814180033	2
-100.29605876385281	-18.08478578667348	0
-118.8180982370724	-42.70375114367448	2
-184.3710357789179	-23.654653782158785	1
-162.27868763161644	-16.85164021694224	1
-157.65482261183865	-43.852596178217965	2
-120.50315262010332	-21.17641623513249	2
-118.92220757457643	-21.996432554118446	2
-81.43530434290547	-15.452276635730644	0
-136.00132333933993	-12.625693521994585	2
-124.18722363259687	-30.30103242555003	2
-81.96661582047015	-20.644987554607802	0
-104.96437211028129	-22.02321395103772	0
-113.880585799322	-34.15446268933102	2
-121.66701020505879	-24.810596995905584	2
-93.58676622021659	-29.084000056073005	2
-119.53286552980316	9.536582079501262	2
-137.7085670834556	-17.57071743214422	2
-113.55727929987334	-26.934964659649257	2
-93.7593002917766	-21.69234244529444	0
-106.53192662344533	-30.858283134067698	2
-97.89378498591952	-20.382928696962765	0
-134.35643673786674	-25.786878530000017	2
-152.45742679364983	-43.54455747793542	2
-137.80365776335654	-37.32282098378232	2
-162.01958226515686	-32.12758764397397	2
-131.8099109796616	-14.496264408810744	2
-130.4516381513186	-19.6019509860886	1
-134.84903688819844	-29.63852772562704	2
-134.53774070152974	-40.62273734277609	2
-106.95150168901266	-40.34106947610765	2
-146.5375097423365	-29.15237485125713	2
-128.17719121624887	-21.05014652847693	0
-175.16713623075833	-45.338703014699526	2
-158.00512059582	-37.94775763560802	2
-138.1349638886201	-42.58183339391405	2
-82.96459376112803	-20.826368912051983	0
-154.11596799639412	-37.460105482809745	2
-128.47974278754734	-41.681194184656576	2
-123.52734476409297	-34.71006963204468	2
-109.17881865633888	-22.719285209831888	2
-150.57856276709447	-49.82766841507777	2
-156.18341949155828	-33.092061208088424	2
-141.20970494733945	-36.949041070961975	2
-203.7712484450629	-28.1018762350645	3
-132.75703311125372	-34.116339065909386	2
-143.97695507139284	-24.016488241601902	2
-143.92834438204642	-29.989043913218488	2
-154.89445855779314	-36.5214703041171	2
-142.68935219407405	-35.501668324687444	2
-128.9730767826992	-25.713518449998507	2
-119.57756648575054	-46.480802402300334	2
-130.56576624479334	-43.988573123392825	2