wind	load	color
434.8031852532587       3490.6564630000003      0
33.7017041157675        4493.214484999999       0
54.6282286591312        6851.825613     0
27.679743376909233      5138.156437999998       0
0.0     4454.362018     0
142.3601862155739       3841.1174069999997      0
336.9478004317299       3514.5309168000003      1
221.099047242189        4974.784989     0
554.7689758426441       4139.838934     0
315.28420754144776      3892.843854     0
24.893003922345038      4094.8927809999996      0
123.41986206772744      5843.336745999999       0
7.715359240233294       4253.754173000002       0
372.96501541868065      3161.419596     1
311.96789563490313      3014.5776421000005      0
306.1846901135183       4378.923657     0
134.9808130259243       4803.8390389999995      0
0.0     7151.183197     0
219.290748882803        3266.0264915000002      0
0.0     3300.2210649999997      0
47.85911833067952       4299.333422     0
355.75901565758977      2916.0432417999996      0
241.82240359828003      3389.1972069999997      0
339.7675437036307       3868.1652630000012      1
132.96806129839936      3466.0172310000007      0
259.084620095572        5930.322168999999       0
96.96825620667006       4067.8396929999994      0
50.04694184784696       4212.9035269999995      0
507.66827884095494      4037.5069439999993      0
253.8015673849847       3058.548343699999       1
0.0     3012.0466219    0
1.51056990578497e-06    4394.962910000001       0
0.0     3857.071587000001       0
414.5926620287054       4680.234288999998       0
0.0     3465.0696529999996      0
0.0     4365.091525     0
1.265592662262131e-06   3821.0325399999997      0
416.2841269549581       4421.061412999999       1
0.0     5191.445482000003       0
137.27247718288433      4562.320314000001       0
169.91559475611976      5268.7522229999995      0
495.06315004179334      4236.1232789999995      0
493.18780518597276      3707.19027      0
0.0     3060.0333847    0
0.0     3224.6529239999995      0
312.48830374431924      4022.4129289999996      0
207.12547387827374      3090.7077018999994      0
312.19187641864903      3350.0530084000006      0
229.66619161875212      3643.4923150000004      1
299.81990337353466      3440.178306199999       0
0.0     4003.873142999999       0
432.7611659398253       3042.4374664000006      1
16.178030600295493      4450.368932000003       0
20.28559520229884       4578.465242     0
468.0853095902489       4118.408436000001       1
428.45999552538075      4101.353794     0
13.840207542644588      4108.988206999998       0
34.57034730045046       4442.735549000001       0
149.61512679781782      4270.623751     0
337.56668252373674      3599.711083999998       1
0.0     6309.933604000001       0
0.0     3493.7469820000006      0
0.0     3238.324032     0
8.741249807750943       4008.6584800000005      0
91.45325800323859       4182.33287      0
78.01924336310371       3998.4007770000003      0
31.252706471241705      3932.786685     0
0.8787442427449976      4156.515655     0
469.14396557318145      3712.15214      0
414.17510542800187      3070.994686     1
493.0268562073656       4149.637541     1
491.11796685955153      3041.1476233999992      1
4.089151697024688       3657.1335939999994      0
0.0     5497.375614999999       0
41.65471383388853       6709.29731      0
0.0     4217.542748000001       0
15.796396194333084      5839.284743000002       0
1.9447231857861676e-06  3506.2080199999996      0
10.331489594917501      3879.842547999999       0
292.9881294501075       5560.302560999998       0
0.0     6079.940697000001       0
0.0     3957.354296     0
34.53277444479638       4259.291329     0
55.94383665104834       6044.904612     0
144.60483929599283      4056.9573050000013      0
198.22816995605314      3873.190857     0
328.66417516662415      2951.957571600001       1
442.45123081830127      3072.8686783000003      1
163.9293638036241       4319.298918     0
415.28460501894216      2900.3136260999995      1
493.4845365170936       3343.036498999998       1
169.2586359564691       4369.282709999999       0
83.80196882386115       3105.6840600999994      0
94.53676132146637       4426.884124999999       0
546.9875138856509       3312.753382     1
493.1940456331816       3934.6753169999993      1
6.435788008180071       5988.409287999998       0
0.41299257506835885     3324.4002399999995      0
0.0     5405.109904999998       0
224.76559204058114      3812.111724     0
0.0     4030.866206     0
363.40520299169776      3628.0783069999993      0
91.20549525525476       5674.328825999999       0
7.754842367222076       6539.254738999999       0
31.414434076176757      5392.465483     0
99.43744556130335       5194.474347999998       0
347.7695254523153       5332.625747000001       0
16.468724492564142      6395.0080910000015      0
531.0038058514189       3350.762828000001       0
493.6564210514506       3343.4406139999996      0
19.903788357385977      3374.0877329    0
324.46387453068525      5930.631668999998       0
413.14534034305774      4094.0195269999986      1
49.15321316584871       4175.775699     0
197.38245658985 3677.146157     1
492.91241087700104      5233.6626879999985      0
85.05245122225688       3123.5134543000004      0
172.49650473286312      2989.0507214999993      0
492.8777366076468       3382.274797000001       1
19.56698327261444       6055.396087     0
341.5099421276595       5828.0922709999995      0
0.0     3718.3206840000007      0
66.24580726531644       6236.520389000001       0
0.0     6093.273238999999       0
0.0     3639.029131     0
238.63332257034648      4032.3405539999994      0
28.48190165816821       6432.850485000001       0
0.0     3377.590657     0
0.0     4010.87776      0
201.81682673258615      4120.602907999999       0
125.75043820810701      3154.6430959999993      0
0.0     4203.679729999998       0
464.5420543614124       2952.7970995000005      0
500.3472819359015       5188.126735     0
284.43176517272855      3408.2971239999997      0
14.814281026243403      4506.706934000002       0
31.192050325906145      4306.03579      0
492.9674201967245       3779.8252550000007      0
32.810115743350515      4233.945930999998       0
101.011243338875        4230.5535169999985      0
550.1193141194296       3344.1697040000004      1
141.64519414159278      4656.4725020000005      0
268.03172365085493      3817.900756     0
344.873089580211        6269.699569999999       0
0.0     4005.1746929999986      0
44.966393347667385      4081.2868540000004      0
0.0     5459.757780999999       0
194.09132904941885      3833.4471210000006      0
546.9553251174971       3442.893135     1
0.0     3716.113775000001       0
233.22898662233058      3362.3766339999997      0
128.2521375947201       3817.491397     0
213.57733770450963      4427.267289000001       0
546.8757704970901       3183.3456751000003      1
0.0     3538.9582629    0
391.8445479518401       3236.5415479    0
109.12423971686995      4806.163863999999       0
30.06700192676086       3223.758083     0
18.377558336861608      4158.2066700000005      0
42.713596970622596      4042.8405770000004      0
416.38902499501444      3845.6788269999993      1
490.5437327430917       3311.4259060000004      1
412.9291261523516       3544.9572359999993      0
0.0     3467.5386550000003      0
219.47040021635834      4050.6936499999997      0
6.373612801090187       4072.613914999999       0
88.81729740434639       4068.903731     0
237.8627954532305       4036.1735780000013      0
0.0     3798.498163     0
327.9586331824578       4053.995469     0
92.80494111306557       4637.228731999999       0
0.0     4802.500559999999       0
80.87395639344099       6260.950583     0
0.0     5507.109795000001       0
36.378657149160226      5891.197474000001       0
179.74305566466623      7189.259397999998       0
342.2845791283991       4490.127042000001       1
10.39023928923339       4164.330713     0
63.22323736049989       3737.5767060000003      0
335.05628270899507      3180.8032364000005      0
60.63069321667337       4419.737776000001       0
0.0     3036.6414179    0
505.917946039272        3262.3073651000013      1
9.199422983000115       4580.447099000001       0
552.4849619042969       3471.9561489999996      1
493.5587208237038       3321.4875658999995      1
411.50572433737676      4126.594397999999       1
40.93719857694516       3773.9913559999995      0
466.47022396209803      3779.1600309999985      1
430.4975216345525       3097.4377048999995      1
0.0     3822.5079960000007      0
11.048177185926978      4225.115463     0
0.0     4967.531120000001       0
0.0     3439.730401999999       0
0.0     6767.00022      0
145.7504748270024       3937.0815189999994      0
0.0     4049.692653     0
10.233146741983505      6908.063585999997       0
0.0     7239.419179000001       0
69.96099556441908       4843.705578     0
377.9705924882743       4286.497878000001       1
490.75468768581834      4324.798737     0
49.55203172281325       3083.2614211000005      0
370.3452820893848       2940.713668300001       1
49.770676218206525      4133.713219     0
8.990747780165318       3648.3882780000013      0
228.22840371095134      3727.060179999999       0
257.7283929396859       3478.6795370000004      0
59.16298937274307       3196.491961699999       0
200.58970244209644      3919.164616999999       0
0.0     4035.8451069999996      0
495.2291078534426       3105.657000799999       1
49.48472072326609       4351.226963     0
339.7692035355759       3881.645348999999       1
340.14832736633525      4307.7655239999995      1
26.906224185489446      4909.014334000001       0
42.85381111932266       4970.819476999999       0
103.96926075982083      4027.2085199999997      0
0.0     4807.887607999998       0
339.5121932043738       5612.410587999999       0
0.023458873858102167    6861.147154999999       0
259.79555789544975      7515.179061     0
9.765200654247117       4920.331204999999       0
66.16745116818528       4443.371831     0
549.8290355551895       3880.7051480000005      1
7.400675285755096e-06   3915.029778999999       0
490.33335588617285      3289.271422500001       1
487.9332717833781       2963.7770731    1
3.0750167074502768      4722.928797000001       0
215.4995098460676       4900.749891000001       0
152.12728307499017      3986.475286000001       0
250.1451418640845       3052.0384407000006      1
490.6950516573177       3886.492955     0
0.0     4965.988667000001       0
0.5158955198417509      3217.456239999998       0
23.094315335110686      4259.150323000001       0
0.0     4352.584739     0
547.8915661594561       3094.1784390000003      1
146.55518468786707      3857.846033     0
260.2404523480138       3847.5916300000004      0
0.0     3501.2992209999998      0
339.7829385555887       4428.4942       1
377.85801924604806      4269.949797     1
8.084783131257186       6247.712385     0
13.826779606326708      7186.735110999999       0
23.476217562374877      5747.757992999999       0
87.62530470063864       5538.804622999999       0
0.0     3957.0371599999994      0
401.2740740222245       3407.2073330000003      0
36.00542337636833       7308.084088999997       0
0.0     3874.8080370000007      0
5.071509875050903       6571.887662000001       0
216.67199654300506      3972.3023990000006      0
465.8199514025477       3019.4039921999993      1
58.72489747596713       4136.799642999999       0
182.10430747405476      3174.820519     1
451.05415208522555      5000.392384999999       0
36.34478295039394       6345.447722     0
16.038717669760253      3011.7297499    0
81.99153639055204       4192.887242000001       0
416.2899607147881       3635.4516950000007      1
552.4669048736787       3856.578951999999       0
28.764071846073964      4780.508199     0
490.5534369410391       3062.2987342999995      1
546.6048898895774       4202.4861599999995      0
410.8092168370053       4308.900557     1
14.84923862783476       3184.745285     0
412.5164852594919       3697.6480069999993      0
388.94184514040535      3889.1157700000003      0
0.0     3537.618651     0
0.0     3392.6000219999996      0
0.0     3904.9525269999986      0
0.0     4498.726480000001       0
463.79325210808753      3449.5376410000003      1
142.56996809678168      3970.203494     0
92.71139295273069       3982.648545999999       0
159.966021527277        5047.969874000002       0
309.73207448277884      4122.174044000001       0
0.9385382309956656      6190.957018999999       0
540.869823870981        4168.558413000002       1
0.0     3903.4360060000004      0
0.8173733170468199      5964.894861     0
493.1753944967675       4452.446948999999       0
38.996228174059446      3104.222342599999       0
0.0     3087.2171648999997      0
16.389085562170518      4840.729475000002       0
459.287511115155        3297.424219999999       0
151.20874984990172      4401.141700000002       0
335.53944386320535      4639.23077      0
67.59548340246593       4151.734709999999       0
256.6766424573174       4189.401369999999       0
548.6660482758735       3369.6272544    1
343.07267362371823      5673.0524639999985      0
50.30282576775155       4527.999333999999       0
342.3798314113813       3295.977912000001       1
0.5886875504993638      3737.2215040000006      0
2.0644235974773895e-06  4481.05414      0
397.61886608686814      4408.972163000001       1
24.567917267849836      3571.855242     0
0.0     4286.633752     0
0.0     4542.611104999999       0
20.034237583293876      4571.153712     0
84.0980044347983        4050.4207620000007      0
0.0     6126.151576999999       0
37.56529003034978       6233.734619     0
1.465866511756849       6563.692191999999       0
0.01876000531298145     7088.726449     0
414.16587202856545      3704.6148310000003      1
67.41916494970856       4163.104039     0
490.44660688463983      4158.226694999999       1
124.76528348851073      6459.2359700000015      0
0.0     3059.6678485999996      0
24.480375417292024      3059.3920814000003      0
493.4485071472284       3177.150259999999       1
83.53858826058205       3488.911197000001       0
253.0008742397397       4969.0074289999975      0
545.1692484923173       2958.4103736999996      1
62.887405603261534      3085.976580699999       0
251.7267200104284       3212.1453010000005      1
10.077095932802752      3202.0312296    0
486.8883037450328       4782.795334     0
0.08934269907942405     3336.9057080000002      0
42.037263521238074      3952.5395270000004      0
490.31407548919856      3750.990536999999       1
472.2938321377919       3934.663200999999       1
0.0     3279.4768890000005      0
226.29896022263586      5864.540531999999       0
487.6074324640009       3631.0396630000005      1
490.5810763654014       3809.779762     1
39.96716148449681       4247.808387     0
378.3965661819025       4180.888685999998       1
233.99502174010286      3689.458923     0
0.0     3514.5094799999997      0
0.0     3895.5190590000007      0
6.235279258964218e-06   3887.00582      0
21.70775248550609       5817.426465000002       0
120.5519070667667       4367.081246     0
41.72436208246374       3807.687677     0
24.141774250291526      6400.801404000001       0
140.56701811283443      7484.011711     0
0.0     5167.005603     0
490.39259340944267      3803.5884490000003      1
0.0     2937.2237255000005      0
69.57154058645118       3785.8062860000005      0
541.9433024672825       3319.745778999999       0
91.24027980975615       3243.0276700000004      0
350.54007740690855      3174.1774290000008      0
418.17848087115124      3512.5599634    0
1.5520228897239756      3574.1203479999995      0
37.69467381144021       3858.491769     0
17.962009090747816      5511.078287     0
374.7986152135765       3136.8465899000003      1
546.9790149811037       3453.5968683000006      0
534.7945487146102       3240.3772716000008      1
484.3947016656159       3804.126096     1
47.33195271051775       4938.537529     0
13.246349814339768      7190.409657000002       0
17.91137276486352       5846.594061     0
103.96659829239579      3411.247207799999       0
106.48452962689625      3542.6421769999984      0
0.0     3899.917732     0
48.2543359760925        3824.7388260000002      0
62.142364374653916      4053.5570220000004      0
82.60049628364405       3965.269936     0
7.985929897198579e-06   3644.6473829999995      0
0.0     5725.055391999999       0
54.32560472277195       3953.959445     0
0.0     4031.0806810000013      0
161.6963130124577       3819.589851999999       0
543.7860133844662       3707.9146760000003      0
10.563652045877268      6545.849960000002       0
336.24298133857644      6206.515224     0
338.1390718249637       3989.7206509999987      1
0.0     3510.6948980000006      0
490.3481180553506       3924.0090670000004      0
493.10271597181537      4247.934293000001       1
10.987736646911019      3084.9902838000007      0
467.60962301360706      2938.6291573999997      1
41.81473052631349       3512.272049     0
546.7435443791701       2954.2809827    1
3.6718112729242858      5163.996970999998       0
0.3359146633530942      3013.3636518999992      0
18.559513951348585      4264.237550000001       0
170.37943960533198      5413.332060999997       0
199.17166397062408      3879.0532480000006      0
392.42234590592295      3477.721755299998       1
56.159300521248234      4001.0555249999998      0
332.7923116955086       3470.4531469999997      0
0.0     3442.4390469    0
370.8830192968182       3102.950951099999       0
0.0     5858.17351      0
205.2470451704609       4223.543584     0
81.2978425802462        3433.2058799999995      0
492.933264612136        3649.095924     1
546.5916743013953       4300.2525       0
40.715701794139406      4968.190826999999       0
0.0     3835.889251000001       0
123.93308636032918      4273.1222720000005      0
3.888478329844456       5974.7277680000025      0
1.9913609758903973e-06  3336.9188925999997      0
52.140869839128946      3825.1899719999997      0
0.0     6258.225568000002       0
41.91729269899858       6446.870144000001       0
483.7046872678515       4255.022061     1
208.03671742590763      3896.5107790000015      0
155.14187575690804      6447.357567     0
0.0     3568.942845     0
439.6931369137829       3929.591284     1
52.509312174551056      6097.138117     0
129.76563610844588      3120.636522099999       0
342.7596005786321       4449.398154     0
24.443089752818658      3454.298732     0
18.10094549753356       3939.448620000001       0
118.6617958803587       3299.074461     0
13.837878085210049      3923.274516999999       0
2.6904808248950487      5553.257883     0
170.64816363998924      3039.1480047999994      0
166.4054755576666       3450.0136050000006      0
9.946055552970783       4734.469073     0
114.62258140729398      3335.907354000001       0
436.94739754469555      3295.770203     1
308.75631230521014      3054.649826399999       1
487.263923819783        3355.1813223    1
77.00442870167336       3778.2103279999988      0
490.71066565485813      2975.4910714    1
87.47289840004527       5589.042240000001       0
185.6296496700497       3504.3544810000003      0
342.9101747843994       3433.7394019    0
490.7238441906479       3434.0760480000013      1
464.80298764703133      4732.176048999999       1
492.80415696186094      3976.422183     1
0.0     3648.2163349999996      0
0.0     3660.8233840000003      0
345.03305535163327      5359.633749999999       0
20.707010804737344      3796.2986459999997      0
2.5851382204030835      3974.1235610000003      0
110.71506087984899      3625.240725     0
0.1664404894336435      6576.300031999999       0
54.04484825234741       5077.467835999999       0
339.38554996915474      5299.906091999997       0
22.04741429769343       4823.288264000001       0
1.733002388067895       3962.2142769999987      0
121.21310356988906      4021.464013     0
0.0024353510750732017   7205.971209999998       0
139.21868764998317      6321.871099999999       0
88.5081031601367        4054.0462259999995      0
327.34666379839933      5915.243819999998       0
528.1778679544527       3569.3807100000013      0
0.0416147347668539      4463.8421849999995      0
0.0     3286.0503586000004      0
208.10419067549927      3719.6020349999994      0
0.0     3347.3972510000012      0
19.797163757159495      4455.347735     0
23.94962457083121       3539.3022487000007      0
74.04569806261321       3404.861092000001       0
0.0     3835.537256999999       0
348.6616792659975       4691.966380999999       0
9.64495852294002        4451.799923     0
0.0     5094.269955     0
27.142325980489485      5719.062114000001       0
141.79842146295914      3400.105245     0
29.77861007773942       6048.700057000001       0
0.05247896398574518     3782.758078999999       0
94.59965242729365       3298.2012649999997      0
64.41125428081241       4424.9847789999985      0
546.840170982163        3514.6449829999997      0
493.89057379440874      3276.7055129999994      1
553.3632667583267       3131.8357295999995      1
49.51775621755405       3898.202992     0
0.0     4131.989191999999       0
492.7831618825703       4116.206751000001       0
0.0     5634.132576     0
0.0     3625.6033190000003      0
549.9406422731585       3951.1490500000004      0
84.93374295960629       3904.0643049999994      0
36.88036184235652       5952.012885     0
0.0     6105.504744000002       0
0.0     3472.860760000001       0
3.9943753531260846      4647.647631     0
436.43521262647715      3117.5408372999996      1
8.680843069289134       4020.145246     0
18.02763431650456       6848.300977     0
311.3603229994904       3927.2325680000013      0
126.11443003315487      7423.982271999999       0
522.2396737875164       3894.0014799999985      1
459.6875860295553       3863.0178719999994      1
541.6390185781764       3493.9846960000004      1
487.02966522270776      4024.5151389999996      1
487.6109831431219       3028.3343539    0
380.89803389451623      2824.5483704999997      1
490.46914292874015      3416.2892280000005      1
0.0     4055.217216999999       0
495.2339383555593       3242.786943     0
516.8062440562042       3473.987958999998       0
493.28305325990635      3239.1787530000006      0
25.712685902644616      3264.4791771999994      0
84.48773221337979       3310.2195519999996      0
0.0     4441.376817     0
442.585660004018        3031.4260810999995      1
63.28434807568637       3442.304272     0
145.82947702464304      4654.840100999998       0
304.07547197527674      4382.533676999999       0
450.70527528776256      4040.910055     1
293.54459690173564      4151.750721000001       0
553.2001067145682       3112.1663237000002      1
103.12109311388788      4728.122241     0
417.4040456704009       3473.0461549999995      1
54.65136096164623       4109.516051     0
492.68173785633564      4104.526331000001       0
544.3251471073027       3564.075742000001       1
248.15132287068016      3082.865818499999       1
144.23122878438795      4527.584027     0
167.77142504767514      4563.605407999999       0
101.98529732696635      6609.477108000001       0
27.06811454346974       5324.296716000001       0
257.1529312814985       4585.176758000001       0
0.0     3803.3042040000005      0
42.35262060155589       5312.910478999999       0
337.70195735253014      4276.973824000001       1
0.0     6029.639572     0
23.22856904736885       4712.511229     0
0.0     3443.6167529999993      0
0.0     4161.648953999999       0
233.5942612090184       4593.927908000001       0
0.0     5807.0461639999985      0
546.9440338797598       3841.1031470000003      0
192.77738954900695      3827.225978     0
3.5374785129601466e-06  4044.7764210000005      0
0.0     3810.7420700000002      0
0.0     3325.0908489999997      0
0.04724292761988176     6856.742220000002       0
390.1530254732226       3955.250950999999       0
93.18443541216782       7058.656721     0
490.2094993003945       4600.513624000001       1
184.10529164292925      3359.947302     0
58.242908259805546      3649.4409470000005      0
415.0651646253533       3135.9943381999997      1
59.230905792659364      4350.069019     0
112.18078650593166      4339.3061959999995      0
19.940301854938948      3100.8348712000006      0
125.70853370305709      4013.529481     0
410.606263923415        4164.590234     1
1.108150225518719       3363.8734634    0
57.890931563351664      4923.110141     0
0.0     3967.5406999999996      0
490.618929531127        3024.2245676000002      1
272.5134080917295       4284.220833     0
489.8544188803321       3765.200827000001       1
495.5658464382695       2989.2974043    1
7.073400848298739       4273.453033999999       0
178.59398569382515      4429.262485999999       0
40.65142499332039       4391.061055     0
74.38744868628507       4287.552921     0
69.41922397477205       2963.411175600001       0
1.4713515882303395e-06  3992.676592     0
415.56522909853095      4905.852500000001       0
119.09334841182515      4171.013742     0
408.9863298250309       3143.9838600000003      1
247.2681513905158       4120.270570000001       0
34.89007403815901       4463.474759000001       0
0.0     3783.2354199999995      0
55.746075952742835      5239.97281      0
53.55427879298323       4169.952785     0
161.31732244871162      3380.225892999999       0
360.08190157733276      4153.793277000002       0
115.77271663675339      3887.3214849999995      0
16.0497765821193        5857.339062999999       0
87.26459064396684       5124.448092     0
195.34788171445666      4873.341592999998       0
0.13905232961676203     4851.967778000001       0
0.0     3496.863712999999       0
2.6459647159603166e-06  3847.424558999999       0
18.83304904631312       4300.194398999999       0
0.0     3846.9939600000007      0
0.9133961804016181      5479.111968     0
180.76652196868415      5207.009338999999       0
5.2394433592884395      4367.563980999999       0
34.777499413084215      4257.753614999999       0
24.49397052534808       6677.195323999998       0
257.58593820996964      6322.295813000001       0
2.9322237761628695e-06  3921.744076     0
213.7871275967377       3781.2976370000006      0
228.32118360886636      3908.322211     0
0.5589867844534776      3804.4965910000005      0
108.7743124124156       3429.062296000001       0
51.372660719459496      3385.6232320000004      0
489.73531136438737      2897.2897239    0
492.8199563541098       4797.592125000001       0
0.0     4306.45504      0
553.1715139288069       3194.020143399999       1
121.68399245199726      4064.0667490000014      0
488.13420621621964      3098.6795778999985      1
48.16224824681471       5950.891983     0
349.595053598637        3155.798847999999       0
490.2724325933601       3380.133305     1
5.48482904674909        4755.458102     0
293.6330029260695       3382.443476     0
78.2379422266058        3507.2606090000004      0
472.9375290081278       4132.168188     1
489.56970910823713      4136.878331999999       0
402.4189533086128       3078.6589905999995      1
485.06105188230197      3441.9765270000003      1
404.6449202845249       4038.0186819999994      0
10.78011140322456       5132.909259999999       0
0.0     3736.4324519999996      0
10.611641643853757      3211.3538360000007      0
415.53834462985594      3907.350467000001       1
550.0711790666783       3115.6840169999996      1
393.2617014110778       4477.374328999999       0
0.0     4947.981290000001       0
412.99156392092425      4643.106669000001       0
0.0     6352.131054999999       0
0.0     3923.1237810000002      0
13.588124044898539      3791.0716440000006      0
38.58218419726292       4137.175144000002       0
527.5098355637435       4240.090179000001       1
9.705404486328344       3890.0892230000004      0
0.9980139744028131      6309.910888     0
16.986085488704422      5328.053100000001       0
0.0     4202.78335      0
7.189522530575214       4923.215985000002       0
19.259178863832503      6459.708631999998       0
0.0     4474.673450999999       0
55.07764087364349       5388.027083999999       0
4.161601058837906       6090.069686999997       0
24.65419582147881       4798.118339     0
493.5163655552548       3639.853224999999       0
309.2308012266978       4134.932564000001       0
95.87170621169112       4881.066214999998       0
324.1364725079495       3902.528985999999       0
0.0     3964.4028170000006      0
0.0     5061.230182000001       0
2.494709740655223e-06   3599.0832849999993      0
163.48357804159397      4095.4647069999996      0
0.0     3917.8035619999996      0
3.9634974650869466      5968.003672     0
0.0     6192.196961999999       0
531.573128252989        3974.428891000001       1
492.40590086587554      4106.017153000001       1
549.8922336027445       3371.102046     1
35.597301839945786      3320.4524689999994      0
197.11927224676828      3467.155284     0
168.70844752058667      3015.5359945999994      0
410.9835515154806       3540.1287549999997      0
0.0     3083.8313584999996      0
395.5552143733579       3579.4391169999994      0
66.2740003050619        3231.092976600001       0
159.09731514815704      3518.326228     0
490.99154909379 3365.8350369999994      1
149.73261268805396      4020.6650649999992      0
0.0     3560.5744887999995      0
82.21460226265741       3568.0756999999985      0
481.04766346299436      3767.6891159999986      0
35.21273170342855       3857.4198620000006      0
213.03051943317865      2728.5265906000004      1
493.5684185272352       2965.8820716000005      1
88.32344750726567       4816.961324000003       0
135.5581994342866       3156.0479709    0
278.64559670497334      2956.8755912    1
490.65329857177613      3141.3008379000003      1
213.22215721659325      4798.735561     0
388.5202370964912       4279.410365000001       0
493.69819577865456      3150.5978595999995      1
385.99377342333645      3896.792783     1
492.6646775433577       4029.6129849999998      1
462.69866025928314      4088.5408059999995      0
490.48926119204214      3345.2637300000006      1
376.772291504069        4063.826963     0
92.32432901872953       3993.473894000001       0
95.22698258887775       4540.509636999998       0
363.8807072858438       4900.686179     0
7.325478763417742       4059.3842459999996      0
0.0     3871.1670760000006      0
8.042969726663095       4152.134116     0
83.61587592679884       4527.795167     0
0.150260418363288       3864.1434890000005      0
175.77839151227 5252.855720999999       0
34.01392651240684       4016.2673669999986      0
102.07907557844314      3511.408642000001       0
480.5953418134239       3674.0914909999997      0
324.60189093481426      3443.1454729999996      0
151.83221687180878      4923.1812039999995      0
0.0     5090.160705     0
0.0     5172.856724999998       0
0.0     3460.282718999999       0
0.0     3519.4610210000005      0
0.000147125829964132    6206.972787999999       0
343.2337389440876       4327.31271      1
8.925342625445708       6855.8264260000005      0
0.0     4076.450804     0
169.13146270977663      4921.166934999999       0
0.0     3999.075268     0
19.207222580744684      5617.833479999998       0
44.317541119730855      6419.6262369999995      0
278.38138691848513      3917.6909049999986      0
260.64590286570643      5198.572145     0
6.251004647259116       6060.864147999999       0
328.01394489579707      3799.920637     1
25.210738450976066      6153.518417000001       0
0.0     6970.383188000001       0
0.7529812394307592      3868.429656     0
0.0     4413.647810999999       0
52.707726286226176      4085.3950200000004      0
424.1825431821206       3554.107228     0
55.16806087331442       3565.5932979999993      0
1.7159869227161755      4200.153429     0
13.056889271371524      2951.330769100001       0
462.3244639721896       3950.7325450000003      0
0.0     3815.314253000001       0
549.7815322000855       3406.13219      1
398.76373190639407      3188.695378999999       1
0.0     4093.1422860000002      0
197.08405454452375      3105.7865429    0
549.4744234619649       3207.8933844000003      0
348.36773623444014      3162.2075846    0
228.17057797576769      3103.239135400001       0
268.5379524341966       3533.7848910000007      0
0.0     4744.712193999999       0
380.95474426849523      3009.5755534    1
310.6606384486369       3817.956307     0
463.62149768646645      4325.852673     1
37.769440010827715      3052.1469165000003      0
409.4043668588019       3528.568907     1
490.3567154147743       3093.6585780000014      1
242.92875389144234      4042.4835089999992      0
522.2894073694105       3252.089432999999       1
31.859826466151542      3038.2307738    0
490.7787979441816       2939.6484006    1
118.17739429731542      5259.768392999999       0
12.498653677912303      5129.526468999999       0
339.7615283442181       4791.181862     1
0.0     4287.920405999998       0
22.957315187108758      3759.956487999999       0
227.0062036953322       5340.805516     0
466.461445019132        3976.6573150000004      1
113.17243737026756      6325.667227     0
0.6762896009980323      3805.756048     0
492.7591305824911       3931.4529009999997      0
423.1676302554485       3689.591954     0
130.7363493887592       4270.914283     0
5.990428424904364       5566.736444000002       0
489.05687949389664      3995.4726939999996      0
0.0     4437.794956000001       0
261.06672904275905      3091.4999576000005      1
44.4020889505841        6258.212439999998       0
490.62940959940613      3542.2344329999996      1
238.09409322981082      5876.275648000003       0
0.0     3168.6630737    0
399.24426773485277      3925.4245460000006      0
0.0     3937.9516500000004      0
82.59332310552476       5746.727599999998       0
49.573738180810814      3873.463104     0
337.1579865076407       3101.7018592    1
252.58515067912396      3832.925589     0
51.81818413145757       3714.2080650000007      0
0.0     3601.0332120000003      0
81.82196589281496       3895.1391639999997      0
132.76595849372487      6933.387646     0
45.87311451379479       6776.202327     0
0.0     3856.5142419999997      0
414.0860290602767       3895.3702730000005      1
100.08628052907014      3525.7392989999994      1
30.614290209099515      6679.518486000001       0
0.0     3666.2324540000004      0
119.472479461778        7405.869335999999       0
414.1287085500412       3811.4241829999996      1
0.0     4053.7122650000006      0
468.21667131642755      3858.789737     1
177.1778796993459       4119.415362     0
230.68733702129668      3613.945374000001       0
0.0     4482.0431610000005      0
43.821440408572485      3846.3362459999994      0
490.3966516734493       3955.5836340000005      1
21.709001930709352      3087.9878757000006      0
400.21669578708793      3398.359663     1
335.1193338677735       2991.4801138999997      1
6.012302113871218       5540.141176999999       0
451.74606641240143      3209.885763     1
0.0     4974.112203     0
407.82683708987247      4488.792374000001       1
490.9023707185055       3147.628488900001       1
0.0     3491.847204     0
316.9394464780146       4659.865194     0
450.36706057519956      4032.9537370000003      0
15.012392723131857      3878.633091999999       0
18.574612320763535      5460.507543999999       0
412.46522134974447      3557.620075999999       1
411.5049528529189       3717.3774114    1
0.0     5294.037297999999       0
146.4889280259448       3123.214685200001       0
192.23683479984112      4141.882445000001       0
0.0     4620.988183000001       0
166.99747552727231      3720.048071     0
536.9196152553154       3199.9060337000005      1
47.92690615068672       5503.63273      0
348.3791054107509       3420.1752930000016      0
194.25924358794325      5172.211661000001       0
0.0     6105.419837     0
340.27474800637674      4046.7185710000003      1
0.0     5716.473106     0
413.97590449317914      4160.157665999998       0
17.53886647325457       6579.326085000001       0
542.1931368996142       3268.1259230999985      1
0.0     5762.727727     0
28.8234534579354        6680.5136909999965      0
475.82851913256377      3799.770108     0
0.0     3653.6295759999994      0
378.4495334053086       3565.999101000001       0
0.5417838280363259      5930.747847     0
173.9626636771302       3683.4687330000006      0
33.70624560476757       3452.331039     0
158.4726508096512       3359.468148000001       0
2.5257451141285434e-06  3565.7425290000006      0
66.77913040453831       4110.896918     0
0.0     3802.5885479999984      0
91.09017581918195       4409.0339749999985      0
0.0     4057.542804000001       0
0.0     3852.5863900000004      0
50.47113416286956       5428.898023999998       0
215.25762258504705      4547.497227999999       0
0.0     4300.289194999999       0
490.30476695052914      3942.264220000001       0
359.5664516127873       3925.897096999999       0
355.6379466510719       3691.856203000001       0
0.0     4089.723832     0
332.0797857594143       3350.453367     1
168.45824859884388      4677.463607     0
83.67857447388906       6386.854438000002       0
244.44866278881702      5823.9283270000005      0
107.97674947533953      3504.8257200000003      0
17.906450857458346      5198.065912999999       0
139.1906207193061       4008.746383     0
73.69647487684884       6864.551772000001       0
270.3537716021722       6905.5133959999985      0
493.1531927721854       3963.477337     1
0.0     4117.413032999998       0
9.60048851622689        3960.848536999999       0
296.56761774691853      4033.5418999999997      1
217.03123038978654      2867.8054106999994      1
100.14708375349434      2938.484139999998       0
422.4323156985756       5511.055274999999       1
0.0     3909.552631     0
54.51729657401493       3471.531162     0
0.0     4496.072484999999       0
547.3821218375326       3172.030617999999       0
27.660859779232755      3143.663206800001       0
4.055155446586949       3873.3660519999994      0
490.50212895155295      2973.0249137999995      1
142.89035641606668      3134.0826400000005      0
24.601286307668754      3691.2796710000002      0
103.22432933721824      4143.7857079999985      0
2.904651300519437       3902.2526499999994      0
372.5434486944362       2959.3778191    1
250.6787986065267       3849.4834359999995      0
6.955609725542222e-05   4420.990157     0
485.3212934176222       3162.8433938000007      1
47.212527737880414      4233.025334999998       0
0.0     3475.715459     0
414.0738516560587       4285.968736000001       0
190.8072986902694       3075.324735499999       1
546.2103274680753       3948.5057189999998      0
443.6650988008591       3010.7132102    1
59.906740301881676      4360.822437     0
340.9864362363729       3025.781537499999       1
0.2742257224962563      4791.232894     0
42.11653671930441       3891.518566999999       0
469.8855781916224       4260.655788000001       1
330.89475373624856      3523.7483479999987      1
493.5526912280731       3472.624307000001       1
481.97940498302773      3053.4466359000003      1
409.3223191305281       4455.688708999998       0
456.79390113656797      5013.177121000001       1
493.5741976565797       3016.6693957999996      1
217.66183108792717      5585.468188999997       0
492.99948390341336      4038.5067999999997      0
0.0     4183.667635999999       0
0.0     4049.9699890000006      0
4.642054967353889       4492.878914     0
53.184158240241075      3808.755874     0
2.12006385855764        3753.841202000002       0
229.2946269916941       3854.368047000001       0
154.27847826766163      3710.346742     0
61.890442125711665      3391.7780659999994      0
12.612622636378932      3958.895364000001       0
47.62856858021547       4076.147951000001       0
13.834793806920697      4913.784286999999       0
0.0     5382.566045     0
0.0     4202.737194     0
2.544786811332073e-06   4012.1122009999995      0
5.963015859277768       4208.3078559999985      0
0.0     5499.517514     0
293.1421434180835       3941.487153     0
0.0     4127.497565000001       0
0.0     3977.798694     0
1.2886796569679009      5372.855088     0
186.49816831347434      4057.4511210000005      0
1.9163385006143347      4467.143393999999       0
0.0     3947.0147969999985      0
223.3166572565045       5009.064302000001       0
0.0     3526.973893999999       0
490.7678668704266       3953.309912000001       1
337.71495066325116      4130.571719000001       1
27.948012787639716      5893.7246589999995      0
323.6083087133638       5943.160105000002       0
0.0     6188.714405999999       0
1.1031585759474574e-06  3383.8004429999996      0
0.0     4990.935374     0
331.0830977721753       3689.5536730000003      0
3.576488699036126       3829.739692000001       0
111.08447367101384      3452.7737566999995      0
492.81932690917574      3904.8312260000002      0
0.0     3011.6634267000004      1
552.9456195577551       3374.8487049    1
27.596945046930482      3160.6281029999996      0
202.17726829411745      3493.365696600001       0
490.7559437496507       3105.4567578    1
53.89029989480889       3382.2059260000015      0
490.58629455858994      3576.0078890000004      1
40.45465357638421       4779.714631999999       0
494.4050572588922       3195.1251730000004      0
123.78777825722179      3942.276171     0
43.15966705072867       3968.170615000001       0
0.0     5324.5168859999985      0
466.6573150277558       3685.8231840999993      1
45.725321969492555      3141.5481506    0
489.2638815856447       3104.5825828000015      0
188.2436343670876       3193.682205199998       0
548.9765699732159       2985.498455300001       1
290.0385214030821       3290.2458429999997      0
85.60331467020619       4614.201271999999       0
0.0     3753.056584999999       0
180.96465580922342      3246.466481000001       0
490.2648946059161       3480.8696016999993      1
339.80090140994344      4246.462804000001       1
411.8952500730065       4435.032095     1
1.0864720950428377      4413.892200999998       0
143.5840323996617       4312.086175     0
0.0     4273.276598000001       0
548.8797077843807       4018.322934     1
296.29395486607575      6383.005107999999       0
12.872238366071468      4924.320817     0
423.15534923165166      4993.861510999998       1
25.60795791541681       5604.006343000001       0
84.0445523261745        4499.577614000001       0
102.37591685674951      4844.612261     0
336.9481063866976       4414.7092520000015      1
4.4612390883622375      4254.929832999998       0
155.0353853774277       5386.456103999999       0
55.81479370772371       6260.8217760000025      0
410.7357906687001       4186.559504000001       0
407.0814201992098       3395.7497980000003      0
195.8378506097567       3945.3529350000003      0
0.0     3460.261538     0
210.03286315537815      3906.665196000001       0
0.0     3997.796319999999       0
101.34578040658381      4600.071744000001       0
416.9096604513566       4120.443516     0
50.24001796638067       3985.9880659999994      0
208.01156396494048      4933.511764999998       0
0.0     3975.147243000001       0
167.71458164395958      4174.704897     0
0.0     4521.908126999999       0
0.0     5611.770778999998       0
402.10343919451725      4252.827924     0
4.920473961181335       3894.3527680000007      0
20.757392011633854      6285.7062240000005      0
2.0865625087012543      6366.851919999998       0
93.34995560138466       6331.023124000001       0
404.6202891409354       4058.326835000001       1
5.718910926870497       6352.901845000001       0
250.33779565433875      3853.8632380000004      0
378.7155681939856       5326.37439      0
335.75891477920675      4355.6507999999985      0
123.81610428449376      6318.782464999999       0
1.2155018380705935      6698.081057     0
0.0     7230.717921000002       0
398.3900945231906       4638.942712     1
1.50526826945873e-06    3533.053115     0
108.77121255198101      4236.291333     0
493.1283300010192       4410.865178000001       0
467.49844866007254      4081.1767529999997      1
42.515265424714975      3254.3476       0
493.42059716078575      3250.247080999999       1
4.72871613363869        3919.1780870000002      0
44.70424050194398       3353.590368     0
333.48876909119423      4146.438524000001       0
492.74522457165165      3849.920367     0
490.500759074286        3096.6657261    1
198.66083664131443      3783.3973419999998      0
337.0932246539374       3591.247449     0
490.6711198316641       2877.4329841999993      1
391.12176914385213      3683.7858030000007      1
83.8317491682946        4459.481093999999       0
196.21626378105512      2950.8903312000007      1
258.3304678417642       2946.6801808    0
461.2905051707857       4257.9901       0
304.5395442375884       3528.821783999999       0
382.31537738150286      4256.54462      0
0.0     3785.7650390000003      0
274.24881260554946      3453.399963     0
6.433370949846988       6061.359164999998       0
353.63168071263357      4240.364618000001       1
106.21077654771494      4279.926705999999       0
463.8344313633313       4012.6107869999987      1
493.26022136883665      3558.0217610000004      1
490.53330778562554      3604.842901     1
443.3802321329754       4531.187484000002       0
317.1455557494855       3976.9219969999986      0
490.48195177682635      3296.39667      1
484.3272318087647       3469.9617949999993      1
361.87398665513865      3100.2268075999996      1
487.00551715484437      4002.2755779999993      0
129.74936300945117      5144.147415999999       0
416.719552399393        4576.630771     0
342.4720803890881       3266.4894449999997      1
493.0235931032598       3893.304416     0
344.89133375105365      4282.338336000001       1
205.36596524662465      5762.654979000001       0
7.4512282040605715      5655.377003999998       0
7.214254337384807       3878.0891489999995      0
0.9913386412406957      6106.220599000002       0
416.454977360487        3466.167731     1
393.0260627600727       4057.841227000001       0
1.2109224603897426      3851.1776820000005      0
336.403132384619        3615.4668529999994      1
11.946908740710953      5034.829489999999       0
32.30893434865078       3699.7546330000005      0
1.6795279254179765      4133.444940000001       0
413.59248190353037      4104.148862999999       1
153.3919385048916       5989.027297     0
37.47017365120845       4480.791650999999       0
5.938741401390693       6194.487999000002       0
0.0     4778.509413999999       0
546.6642610948885       4234.060514000001       0
1.282911780468017       6566.738238999998       0
38.49253078498578       6427.429218000001       0
219.42306085523046      3920.950315000001       0
87.65410562475388       3951.143326000001       0
3.0840303189003904      4670.295526     0
546.827564469931        4164.034116000001       0
0.0     4784.46264      0
484.9248946620582       3870.8520139999996      1
62.7317220207677        6442.583615     0
4.046609680505056       5730.393185999999       0
75.89153617939003       3990.372307999999       0
342.57000596501985      4488.030051     0
1.3334253483432195      5924.75038      0
2.0578778870452683      5039.317480999999       0
517.3547457474535       4063.1986150000002      0
367.18249540881686      3960.705282     0
77.23245553889215       4118.704295999999       0
0.0     5131.350744000001       0
144.2411816859571       4518.745580000001       0
30.79920246943  6455.414028999999       0
0.0     3551.620812999999       0
86.99301058107088       6082.690472     0
119.57405373506947      7657.126756999998       0
493.12418877666977      3929.7702250000007      1
26.68896711111481       6983.866081000003       0
469.4749705299211       3605.7038579999994      1
484.81960668372494      3990.0842209999996      1
58.18605723302731       5431.823934999997       0
134.67680703389397      4281.1025899999995      0
0.0     3669.836453000001       0
86.39271136309722       3842.614664     0
296.9252683989654       5035.226447     0
0.0     3982.594576     0
473.74169385038 3350.189477000001       1
164.37485628463176      3238.7444499999997      0
23.124734754961533      4243.914432     0
546.9707056272902       3025.9968030999994      1
0.0     3646.3817740000004      0
34.22468333413701       3276.824356     0
45.04661801705026       3389.6304550000004      0
476.8651257883039       3843.298122     0
448.86157625348176      3028.9259338    1
490.6088270004609       2991.6619138000005      1
540.2981657327649       3022.9880792000013      1
35.68590600489024       3715.308282     0
491.48141614703957      3053.539294399999       1
0.0     3309.3118120000004      0
20.154572017733386      4267.233111     0
19.629275892578455      4103.347306999999       0
295.21535402290084      4054.6016590000004      0
544.8637030284649       3024.8804552000006      1
236.64597042298237      3577.013175000001       0
370.6054158224912       2923.892558     1
112.48584074581981      4345.85982      0
552.8746005461144       3219.867882     1
549.6516270630198       3310.9979430000008      1
290.5875393227515       3315.1745502    1
444.301798302418        3359.7380107999993      1
0.0     4508.502348000001       0
490.5962917068122       3053.9919807999995      1
61.5771527101871        5099.974086     0
546.7918662225935       3223.4940263999997      0
73.73286814571598       3795.3487139999997      0
495.11527758249593      2942.389436100001       1
2.9531930638814026      4482.381630999998       0
7.815234146229103       3715.368570999999       0
395.2651305089799       4373.099899999999       0
7.642105113721663       3911.1617009999995      0
0.0     4712.37876      0
0.0     3447.4038499999997      0
441.52990765264644      3941.3143489999998      0
336.50544736957346      3578.4855219999995      1
549.5470624085278       3620.6623149999996      1
81.8444378767134        4439.148938999999       0
493.2294049046362       3385.8756323000002      0
416.3472199386099       3671.351214000001       1
0.0     4241.491051     0
15.049529543050921      3860.6768820000007      0
20.450031764654067      3679.3463330000004      0
77.60880270269887       4193.0737850000005      0
0.0     4035.4260399999994      0
492.5572337481986       3167.5206489    1
490.19063236667415      4058.5064529999995      0
492.90975699046726      3593.469274     1
416.1384146203725       3971.318619     1
543.6903034013993       3682.7528949999996      0
10.753319082484207      6284.773223000003       0
372.09814937018314      3294.4007140000012      0
0.0     4722.562027     0
487.00882167329365      4290.460448999999       1
0.25580689522753797     3308.9363275999995      1
337.1879732738369       3954.2805940000003      1
0.0     3609.0655040000006      0
213.9581624177748       3587.290129     0
38.72155008856081       3877.200386     0
0.0     5554.679854000001       0
0.0     4020.42994      0
21.73817129651932       5156.429222000001       0
307.82080073362846      5630.330032     0
0.0     3993.0714389999994      0
32.467823517164426      5060.4496070000005      0
191.04639960160193      5928.332326     0
505.3985250946334       4042.2611009999996      0
211.28623685694717      4167.436991     0
52.98144129550314       4981.657586999999       0
0.0     4179.067794999999       0
30.879266481161228      3488.688543999999       0
39.14723763595297       3677.160396000001       0
322.13433496070246      4829.436506000001       0
0.0     3767.932935999998       0
20.456098000132062      4433.85042      0
26.41218426122614       5821.319909999998       0
129.00948059526132      4017.8558320000006      0
7.285887917472134       4542.796477999999       0
6.124752888438119       5275.674664000002       0
93.92445979144442       4811.570269     0
92.03965989217345       6242.885258000001       0
230.7621107942106       4129.472790999999       0
304.53327294249493      3951.9026829999993      0
340.1400320782279       3964.6531969999996      1
337.5492040011415       4519.874360000001       1
0.0     7166.41868      0
268.93236223345076      4280.328638999999       0
69.74754337451947       5448.669373000001       0
0.3006143710653639      4063.2683460000007      0
337.4916704381161       3920.6843049999993      1
10.100861638332107      4136.343176     0
109.86289453117641      4536.044701     0
348.687636624814        5139.845858999999       0
0.0     3943.7570470000005      0
64.2132196475096        4784.601385000001       0
0.0     5521.052911000002       0
0.0010621144618286136   4057.433272     0
47.137920018936484      6452.604282999998       0
194.75691225026216      4054.0992459999998      0
95.49338102844968       3945.443428999999       0
27.298811403417428      6520.157604000001       0
4.259649927944499e-05   3579.1026020000004      0
0.0     3305.333395999999       0
128.39121684240163      3954.7923709999995      0
24.137449908425005      3887.6530749999997      0
340.0767771286349       4294.481874000002       1
0.0     5617.295028     0
484.43916553496143      4061.0110210000003      1
28.235357671951157      3764.8747520000006      0
0.0     3759.6677240000004      0
549.8723980379621       3915.309518     1
5.185372789210018       4360.369708000001       0
0.0     3889.9882569999995      0
252.19882518067226      3975.3552530000006      0
346.5358460849489       4895.152254999999       0
315.8932590183373       6253.687545     0
462.5082185824  3324.6363425000013      1
340.39991818017216      3032.7221473    1
0.0     3798.8535740000007      0
48.39264964323937       3571.349356999999       0
1.8886582217981853      3751.5061090000017      0
452.11225465527684      3036.1711503999995      1
284.72599064616253      2883.1160065    1
0.0     4495.099976     0
151.1201552416999       3200.318498     0
103.14662209663584      3850.7059150000005      0
0.0     3606.832309     0
16.142515545305695      3075.317650499999       0
0.0     3268.0507600000005      0
0.0     4119.276468     0
46.62819460312827       3845.576352999999       0
445.54954572299897      3472.0851850000004      1
54.127969258950806      6279.30805      0
433.5883221427821       4126.645009     0
7.756273031470807       3444.88619      0
368.5948417024543       3617.7457459999996      0
0.0     5165.741491999999       0
493.2647299546889       3267.355321     1
484.8023305854312       3394.5512731999993      0
55.7419194019045        3018.5084205000003      0
430.6396646954722       3487.070966999999       1
334.2605784359522       3212.5633049999997      1
339.79601288537407      3893.9753800000008      1
0.0     4064.8175880000013      0
4.303189571246968e-05   3805.3226509999995      0
235.4653570510238       4747.079596000001       0
369.3165628669838       3405.1367217000006      0
294.97667522690506      3226.147555999999       1
0.0     3620.6412869999995      0
33.29091993796552       3025.7158565000004      0
38.02833338612775       3204.4156408    0
232.76266294483605      4124.002446     0
549.6316759992561       3893.378088000001       0
19.20989668455349       3441.4381700000004      0
543.9183387872049       4201.020485999999       0
490.1015903920664       3804.657352     1
445.7997565801463       3158.0879044999992      1
3.4033211687195775      3372.5850349999996      0
411.381336383813        4445.801905999999       1
490.0132224259211       3553.804704000001       1
404.43450557920625      4516.964977999999       0
413.84404267021904      3790.376186999999       1
91.74478151902974       4889.178866000001       0
78.1431868102872        3613.960951     0
236.22288310721316      4465.125644000001       0
414.23508435907206      3694.5905940000002      1
490.336067822336        3435.838763999999       1
253.4305745835232       4538.77541      0
541.4086458274963       3437.378909600002       1
0.0     4609.626911000002       0
41.82746104353248       4373.958442     0
549.2871931166976       4334.210277     0
3.731240347993299       4386.534303000001       0
490.2565039215285       3513.793341     1
5.309113437584859       3965.0708260000006      0
26.429687831723818      3811.3414110000003      0
339.3197614658911       5008.481669     0
276.9764232541577       3297.5772809999994      0
199.04250570130125      3889.3368029999992      0
0.0     5687.0151240000005      0
104.27463876360135      5508.604245     0
3.2711128508267674e-06  3382.5455034999995      0
1.232661389255448       3746.806825     0
61.0414672412936        4001.9914460000005      0
73.75702633952905       3829.161609     0
0.0     3237.298765899999       0
19.144993364924833      6698.209966000001       0
0.0     3983.7541300000003      0
0.0     3592.771966     0
5.299105206370587       3827.5714580000013      0
541.2260592108418       3834.585647     0
52.03093938653773       5589.520241999999       0
0.0     4840.788223999999       0
0.0     5104.202151000001       0
52.06206315485189       3477.1671880000004      0
490.2313460633363       4042.9666179999995      0
63.23406492960719       4050.026461     0
0.0     4885.730924999999       0
0.0     3476.459090999999       0
0.0     5309.567052     0
0.5847786965018884      4163.570702     0
410.82027472207113      5127.0036020000025      1
0.0     5261.315298     0
1.6157926445806103      5210.291545999999       0
6.547058310570487       4020.572712     0
41.90435205113597       3823.6733899999995      0
410.78043731557347      4004.1544329999997      0
49.783610264833975      6500.806528999998       0
297.53809269012675      6805.604018     0
268.66090290233615      7290.894128000003       0
113.21116938803051      4060.5754790000005      0
39.52831149114958       4429.878597     0
103.1827763548863       4504.356613000001       0
373.85118347183914      3936.0454099999997      0
15.331993994478585      7324.891584     0
17.406746423914285      6398.026657     0
22.21563782062441       5930.038799999999       0
410.98775920334435      3890.9153889999993      1
0.0     3280.6404049999996      0
10.34376010091871       5682.984874999999       0
2.766787477349971e-05   5477.507837     0
0.0     3714.006747     0
485.72136129608623      4353.891852999999       0
342.17847545929436      4704.433444     1
0.0     3869.8568689999993      0
17.05932822517765       5696.806765     0