time	V1
0	0.9854
0.005	0.9853
0.005	0.9853
0.01	0.9853
0.015	0.9853
0.02	0.9853
0.025	0.9853
0.03	0.9853
0.035	0.9853
0.04	0.9853
0.045	0.9853
0.05	0.9853
0.055	0.9853
0.06	0.9853
0.065	0.9853
0.07	0.9853
0.075	0.9853
0.08	0.9853
0.085	0.9853
0.085	0.9853
0.09	0.9853
0.095	0.9853
0.1	0.9853
0.105	0.9853
0.11	0.9853
0.115	0.9853
0.12	0.9853
0.125	0.9853
0.13	0.9853
0.135	0.9853
0.14	0.9853
0.145	0.9853
0.15	0.9854
0.155	0.9854
0.16	0.9854
0.165	0.9854
0.17	0.9854
0.175	0.9854
0.18	0.9854
0.185	0.9854
0.19	0.9854
0.195	0.9854
0.2	0.9854
0.205	0.9854
0.21	0.9854
0.215	0.9854
0.22	0.9854
0.225	0.9854
0.23	0.9854
0.235	0.9854
0.24	0.9854
0.245	0.9854
0.25	0.9854
0.255	0.9854
0.26	0.9854
0.265	0.9854
0.27	0.9854
0.275	0.9854
0.28	0.9854
0.285	0.9854
0.29	0.9854
0.295	0.9854
0.3	0.9854
0.305	0.9854
0.31	0.9854
0.315	0.9854
0.32	0.9854
0.325	0.9854
0.33	0.9854
0.335	0.9854
0.34	0.9854
0.345	0.9854
0.35	0.9854
0.355	0.9854
0.36	0.9854
0.365	0.9854
0.37	0.9854
0.375	0.9854
0.38	0.9854
0.385	0.9854
0.39	0.9854
0.395	0.9854
0.4	0.9854
0.405	0.9854
0.41	0.9854
0.415	0.9854
0.42	0.9854
0.425	0.9854
0.43	0.9854
0.435	0.9854
0.44	0.9854
0.445	0.9854
0.45	0.9854
0.455	0.9854
0.46	0.9854
0.465	0.9854
0.47	0.9854
0.475	0.9854
0.48	0.9854
0.485	0.9854
0.49	0.9854
0.495	0.9854
0.5	0.9854
0.505	0.9854
0.51	0.9854
0.515	0.9854
0.52	0.9854
0.525	0.9854
0.53	0.9854
0.535	0.9854
0.54	0.9854
0.545	0.9854
0.55	0.9854
0.555	0.9854
0.56	0.9854
0.565	0.9854
0.57	0.9854
0.575	0.9854
0.58	0.9854
0.585	0.9854
0.59	0.9854
0.595	0.9854
0.6	0.9854
0.605	0.9854
0.61	0.9854
0.615	0.9854
0.62	0.9854
0.625	0.9854
0.63	0.9854
0.635	0.9854
0.64	0.9854
0.645	0.9854
0.65	0.9854
0.655	0.9854
0.66	0.9854
0.665	0.9854
0.67	0.9854
0.675	0.9854
0.68	0.9854
0.685	0.9854
0.69	0.9854
0.695	0.9854
0.7	0.9854
0.705	0.9854
0.71	0.9854
0.715	0.9854
0.72	0.9854
0.725	0.9854
0.73	0.9854
0.735	0.9854
0.74	0.9854
0.745	0.9854
0.75	0.9854
0.755	0.9854
0.76	0.9854
0.765	0.9854
0.77	0.9854
0.775	0.9854
0.78	0.9854
0.785	0.9854
0.79	0.9854
0.795	0.9854
0.8	0.9854
0.805	0.9854
0.81	0.9854
0.815	0.9854
0.82	0.9854
0.825	0.9854
0.83	0.9854
0.835	0.9854
0.84	0.9854
0.845	0.9854
0.85	0.9854
0.855	0.9854
0.86	0.9854
0.865	0.9854
0.87	0.9854
0.875	0.9854
0.88	0.9854
0.885	0.9854
0.89	0.9854
0.895	0.9854
0.9	0.9854
0.905	0.9854
0.91	0.9854
0.915	0.9854
0.92	0.9854
0.925	0.9854
0.93	0.9854
0.935	0.9854
0.94	0.9854
0.945	0.9854
0.95	0.9854
0.955	0.9854
0.96	0.9854
0.965	0.9854
0.97	0.9854
0.975	0.9854
0.98	0.9854
0.985	0.9854
0.99	0.9854
0.995	0.9854
1	0.9854
1	-0.5002
1.005	-0.5567
1.005	-0.5477
1.01	-0.556
1.01	-0.556
1.015	-0.5548
1.02	-0.5512
1.025	-0.547
1.03	-0.5427
1.035	-0.5386
1.04	-0.5346
1.045	-0.5307
1.05	-0.527
1.05	-0.527
1.055	-0.5234
1.06	-0.5199
1.065	-0.5166
1.07	-0.5134
1.075	-0.5103
1.08	-0.5073
1.085	-0.5044
1.09	-0.5017
1.095	-0.499
1.1	-0.4965
1.1	0.0407
1.105	0.4563
1.105	0.4563
1.11	0.6584
1.115	0.729
1.12	0.7608
1.125	0.7808
1.13	0.7959
1.13	0.7959
1.135	0.825
1.14	0.8594
1.145	0.8971
1.145	0.8971
1.15	0.9264
1.155	0.9499
1.155	0.9499
1.16	0.9636
1.165	0.975
1.17	0.9845
1.175	0.9923
1.18	0.9985
1.185	1.0033
1.19	1.0066
1.195	1.0087
1.2	1.0097
1.205	1.0095
1.21	1.0083
1.215	1.0061
1.22	1.003
1.225	0.9991
1.23	0.9945
1.235	0.9891
1.24	0.983
1.245	0.9763
1.25	0.969
1.255	0.9612
1.255	0.9639
1.26	0.9623
1.265	0.9622
1.27	0.9634
1.275	0.9658
1.28	0.969
1.285	0.9728
1.29	0.9772
1.295	0.9819
1.3	0.9869
1.305	0.9921
1.31	0.9974
1.315	1.0028
1.32	1.0083
1.325	1.0137
1.33	1.0192
1.33	1.0192
1.335	1.0247
1.34	1.0301
1.345	1.0356
1.35	1.0409
1.355	1.0463
1.36	1.0517
1.365	1.057
1.37	1.0623
1.375	1.0675
1.38	1.0728
1.385	1.078
1.39	1.0832
1.395	1.0884
1.4	1.0936
1.405	1.0989
1.41	1.1041
1.415	1.1093
1.42	1.1145
1.425	1.1197
1.43	1.125
1.435	1.1302
1.435	1.1287
1.44	1.1295
1.445	1.13
1.45	1.1305
1.455	1.1309
1.46	1.1311
1.465	1.1314
1.47	1.1315
1.475	1.1316
1.48	1.1316
1.485	1.1315
1.49	1.1314
1.495	1.1312
1.5	1.1309
1.505	1.1306
1.51	1.1303
1.515	1.1299
1.52	1.1294
1.525	1.1289
1.53	1.1284
1.535	1.1278
1.54	1.1272
1.545	1.1266
1.55	1.1259
1.555	1.1252
1.56	1.1245
1.565	1.1237
1.57	1.123
1.575	1.1222
1.58	1.1213
1.585	1.1205
1.59	1.1196
1.595	1.1187
1.6	1.1178
1.605	1.1169
1.61	1.116
1.615	1.115
1.62	1.1141
1.625	1.1131
1.63	1.1121
1.635	1.1111
1.64	1.1101
1.645	1.1091
1.65	1.1081
1.655	1.1071
1.66	1.1061
1.665	1.105
1.67	1.104
1.675	1.103
1.68	1.1019
1.685	1.1009
1.69	1.0998
1.695	1.0988
1.7	1.0977
1.705	1.0967
1.71	1.0956
1.715	1.0946
1.72	1.0936
1.725	1.0925
1.73	1.0915
1.735	1.0904
1.74	1.0894
1.745	1.0884
1.75	1.0873
1.755	1.0863
1.76	1.0853
1.765	1.0843
1.77	1.0833
1.775	1.0822
1.78	1.0812
1.785	1.0802
1.79	1.0792
1.795	1.0782
1.8	1.0773
1.805	1.0763
1.81	1.0753
1.815	1.0743
1.82	1.0734
1.825	1.0724
1.83	1.0715
1.835	1.0705
1.84	1.0696
1.845	1.0686
1.85	1.0677
1.855	1.0668
1.86	1.0659
1.865	1.065
1.87	1.0641
1.875	1.0632
1.88	1.0623
1.885	1.0615
1.89	1.0606
1.895	1.0597
1.9	1.0589
1.905	1.058
1.91	1.0575
1.915	1.0564
1.92	1.0555
1.925	1.0547
1.93	1.0542
1.935	1.0531
1.94	1.0522
1.945	1.0515
1.95	1.0509
1.955	1.05
1.96	1.0491
1.965	1.0484
1.97	1.0478
1.975	1.0469
1.98	1.0461
1.985	1.0454
1.99	1.0448
1.995	1.044
2	1.0429
2.005	1.0423
2.01	1.0418
2.015	1.0412
2.02	1.0404
2.025	1.0396
2.03	1.039
2.035	1.0383
2.04	1.0379
2.045	1.0371
2.05	1.0364
2.055	1.0357
2.06	1.0353
2.065	1.0346
2.07	1.0338
2.075	1.0332
2.08	1.0328
2.085	1.0321
2.09	1.0314
2.095	1.0309
2.1	1.0305
2.105	1.0297
2.11	1.0291
2.115	1.0286
2.12	1.028
2.125	1.0274
2.13	1.0269
2.135	1.0263
2.14	1.0258
2.145	1.0253
2.15	1.0247
2.155	1.0242
2.16	1.0237
2.165	1.0232
2.17	1.0227
2.175	1.0222
2.18	1.0217
2.185	1.0212
2.19	1.0207
2.195	1.0202
2.2	1.0197
2.205	1.0193
2.21	1.0188
2.215	1.0184
2.22	1.0179
2.225	1.0175
2.23	1.017
2.235	1.0166
2.24	1.0161
2.245	1.0157
2.25	1.0153
2.255	1.0149
2.26	1.0144
2.265	1.014
2.27	1.0136
2.275	1.0132
2.28	1.0128
2.285	1.0124
2.29	1.012
2.295	1.0117
2.3	1.0113
2.305	1.0109
2.31	1.0105
2.315	1.0102
2.32	1.0098
2.325	1.0094
2.33	1.0091
2.335	1.0087
2.34	1.0084
2.345	1.008
2.35	1.0077
2.355	1.0074
2.36	1.007
2.365	1.0067
2.37	1.0064
2.375	1.006
2.38	1.0057
2.385	1.0054
2.39	1.0051
2.395	1.0048
2.4	1.0045
2.405	1.0042
2.41	1.0039
2.415	1.0036
2.42	1.0033
2.425	1.003
2.43	1.0027
2.435	1.0024
2.44	1.0022
2.445	1.0019
2.45	1.0016
2.455	1.0014
2.46	1.0011
2.465	1.0008
2.47	1.0006
2.475	1.0003
2.48	1.0001
2.485	0.9998
2.49	0.9996
2.495	0.9993
2.5	0.9991
2.505	0.9988
2.51	0.9986
2.515	0.9984
2.52	0.9981
2.525	0.9979
2.53	0.9977
2.535	0.9975
2.54	0.9972
2.545	0.997
2.55	0.9968
2.555	0.9966
2.56	0.9964
2.565	0.9962
2.57	0.996
2.575	0.9958
2.58	0.9956
2.585	0.9953
2.59	0.9951
2.595	0.995
2.6	0.9948
2.605	0.9946
2.61	0.9944
2.615	0.9942
2.62	0.994
2.625	0.9939
2.63	0.9936
2.635	0.9936
2.64	0.9931
2.645	0.9931
2.65	0.993
2.655	0.9928
2.66	0.9927
2.665	0.9924
2.67	0.9924
2.675	0.9919
2.68	0.9919
2.685	0.9919
2.69	0.9917
2.695	0.9916
2.7	0.9913
2.705	0.9913
2.71	0.9909
2.715	0.9909
2.72	0.9908
2.725	0.9907
2.73	0.9905
2.735	0.9904
2.74	0.9902
2.745	0.9901
2.75	0.99
2.755	0.9898
2.76	0.9897
2.765	0.9896
2.77	0.9895
2.775	0.9893
2.78	0.9892
2.785	0.9891
2.79	0.989
2.795	0.9888
2.8	0.9887
2.805	0.9886
2.81	0.9885
2.815	0.9884
2.82	0.9883
2.825	0.9882
2.83	0.988
2.835	0.9879
2.84	0.9878
2.845	0.9877
2.85	0.9876
2.855	0.9875
2.86	0.9874
2.865	0.9873
2.87	0.9872
2.875	0.9871
2.88	0.987
2.885	0.9869
2.89	0.9868
2.895	0.9867
2.9	0.9866
2.905	0.9866
2.91	0.9865
2.915	0.9864
2.92	0.9863
2.925	0.9862
2.93	0.9861
2.935	0.986
2.94	0.9859
2.945	0.9859
2.95	0.9858
2.955	0.9857
2.96	0.9856
2.965	0.9855
2.97	0.9855
2.975	0.9854
2.98	0.9853
2.985	0.9852
2.99	0.9852
2.995	0.9851
3	0.985
3.005	0.985
3.01	0.9849
3.015	0.9848
3.02	0.9847
3.025	0.9847
3.03	0.9846
3.035	0.9845
3.04	0.9845
3.045	0.9844
3.05	0.9844
3.055	0.9843
3.06	0.9842
3.065	0.9842
3.07	0.9841
3.075	0.9841
3.08	0.984
3.085	0.9839
3.09	0.9839
3.095	0.9838
3.1	0.9838
3.105	0.9837
3.11	0.9837
3.115	0.9836
3.12	0.9836
3.125	0.9835
3.13	0.9835
3.135	0.9834
3.14	0.9834
3.145	0.9833
3.15	0.9833
3.155	0.9832
3.16	0.9832
3.165	0.9831
3.17	0.9831
3.175	0.983
3.18	0.983
3.185	0.9829
3.19	0.9829
3.195	0.9828
3.2	0.9828
3.205	0.9828
3.21	0.9827
3.215	0.9827
3.22	0.9826
3.225	0.9826
3.23	0.9826
3.235	0.9825
3.24	0.9825
3.245	0.9824
3.25	0.9824
3.255	0.9824
3.26	0.9823
3.265	0.9823
3.27	0.9823
3.275	0.9822
3.28	0.9822
3.285	0.9822
3.29	0.9821
3.295	0.9821
3.3	0.9821
3.305	0.982
3.31	0.982
3.315	0.982
3.32	0.9819
3.325	0.9819
3.33	0.9819
3.335	0.9818
3.34	0.9818
3.345	0.9818
3.35	0.9818
3.355	0.9817
3.36	0.9817
3.365	0.9817
3.37	0.9817
3.375	0.9816
3.38	0.9816
3.385	0.9816
3.39	0.9815
3.395	0.9815
3.4	0.9815
3.405	0.9815
3.41	0.9814
3.415	0.9814
3.42	0.9814
3.425	0.9814
3.43	0.9814
3.435	0.9813
3.44	0.9813
3.445	0.9813
3.45	0.9813
3.455	0.9812
3.46	0.9812
3.465	0.9812
3.47	0.9812
3.475	0.9812
3.48	0.9811
3.485	0.9811
3.49	0.9811
3.495	0.9811
3.5	0.9811
3.505	0.981
3.51	0.981
3.515	0.981
3.52	0.981
3.525	0.981
3.53	0.981
3.535	0.9809
3.54	0.9809
3.545	0.9809
3.55	0.9809
3.555	0.9809
3.56	0.9809
3.565	0.9808
3.57	0.9808
3.575	0.9808
3.58	0.9808
3.585	0.9808
3.59	0.9808
3.595	0.9808
3.6	0.9807
3.605	0.9807
3.61	0.9807
3.615	0.9807
3.62	0.9807
3.625	0.9807
3.63	0.9807
3.635	0.9807
3.64	0.9806
3.645	0.9806
3.65	0.9806
3.655	0.9806
3.66	0.9806
3.665	0.9806
3.67	0.9806
3.675	0.9806
3.68	0.9805
3.685	0.9805
3.69	0.9805
3.695	0.9805
3.7	0.9805
3.705	0.9805
3.71	0.9805
3.715	0.9805
3.72	0.9805
3.725	0.9804
3.73	0.9804
3.735	0.9804
3.74	0.9804
3.745	0.9804
3.75	0.9804
3.755	0.9804
3.76	0.9804
3.765	0.9804
3.77	0.9804
3.775	0.9804
3.78	0.9804
3.785	0.9803
3.79	0.9803
3.795	0.9803
3.8	0.9803
3.805	0.9803
3.81	0.9803
3.815	0.9803
3.82	0.9803
3.825	0.9803
3.83	0.9803
3.835	0.9803
3.84	0.9803
3.845	0.9803
3.85	0.9802
3.855	0.9802
3.86	0.9802
3.865	0.9802
3.87	0.9802
3.875	0.9802
3.88	0.9802
3.885	0.9802
3.89	0.9802
3.895	0.9802
3.9	0.9802
3.905	0.9802
3.91	0.9802
3.915	0.9802
3.92	0.9802
3.925	0.9802
3.93	0.9802
3.935	0.9801
3.94	0.9801
3.945	0.9801
3.95	0.9801
3.955	0.9801
3.96	0.9801
3.965	0.9801
3.97	0.9801
3.975	0.9801
3.98	0.9801
3.985	0.9801
3.99	0.9801
3.995	0.9801
4	0.9801
4.005	0.9801
4.01	0.9801
4.015	0.9801
4.02	0.9801
4.025	0.9801
4.03	0.9801
4.035	0.9801
4.04	0.9801
4.045	0.9801
4.05	0.98
4.055	0.98
4.06	0.98
4.065	0.98
4.07	0.98
4.075	0.98
4.08	0.98
4.085	0.98
4.09	0.98
4.095	0.98
4.1	0.98
4.105	0.98
4.11	0.98
4.115	0.98
4.12	0.98
4.125	0.98
4.13	0.98
4.135	0.98
4.14	0.98
4.145	0.98
4.15	0.98
4.155	0.98
4.16	0.98
4.165	0.98
4.17	0.98
4.175	0.98
4.18	0.98
4.185	0.98
4.19	0.98
4.195	0.98
4.2	0.98
4.205	0.98
4.21	0.98
4.215	0.98
4.22	0.98
4.225	0.98
4.23	0.98
4.235	0.9799
4.24	0.9799
4.245	0.9799
4.25	0.9799
4.255	0.9799
4.26	0.9799
4.265	0.9799
4.27	0.9799
4.275	0.9799
4.28	0.9799
4.285	0.9799
4.29	0.9799
4.295	0.9799
4.3	0.9799
4.305	0.9799
4.31	0.9799
4.315	0.9799
4.32	0.9799
4.325	0.9799
4.33	0.9799
4.335	0.9799
4.34	0.9799
4.345	0.9799
4.35	0.9799
4.355	0.9799
4.36	0.9799
4.365	0.9799
4.37	0.9799
4.375	0.9799
4.38	0.9799
4.385	0.9799
4.39	0.9799
4.395	0.9799
4.4	0.9799
4.405	0.9799
4.41	0.9799
4.415	0.9799
4.42	0.9799
4.425	0.9799
4.43	0.9799
4.435	0.9799
4.44	0.9799
4.445	0.9799
4.45	0.9799
4.455	0.9799
4.46	0.9799
4.465	0.9799
4.47	0.9799
4.475	0.9799
4.48	0.9799
4.485	0.9799
4.49	0.9799
4.495	0.9799
4.5	0.9799
4.505	0.9799
4.51	0.9799
4.515	0.9799
4.52	0.9799
4.525	0.9799
4.53	0.9799
4.535	0.9799
4.54	0.9799
4.545	0.9799
4.55	0.9799
4.555	0.9799
4.56	0.9799
4.565	0.9799
4.57	0.9799
4.575	0.9799
4.58	0.9799
4.585	0.9799
4.59	0.9799
4.595	0.9799
4.6	0.9799
4.605	0.9799
4.61	0.9799
4.615	0.9799
4.62	0.9799
4.625	0.9799
4.63	0.9799
4.635	0.9799
4.64	0.9799
4.645	0.9799
4.65	0.9799
4.655	0.9799
4.66	0.9799
4.665	0.9799
4.67	0.9799
4.675	0.9799
4.68	0.9799
4.685	0.9799
4.69	0.9799
4.695	0.9799
4.7	0.9799
4.705	0.9799
4.71	0.9799
4.715	0.9799
4.72	0.9799
4.725	0.9799
4.73	0.9799
4.735	0.9799
4.74	0.9799
4.745	0.9799
4.75	0.9799
4.755	0.9799
4.76	0.9799
4.765	0.9799
4.77	0.9799
4.775	0.9799
4.78	0.9799
4.785	0.9799
4.79	0.9799
4.795	0.9799
4.8	0.9799
4.805	0.9799
4.81	0.9799
4.815	0.9799
4.82	0.9799
4.825	0.9799
4.83	0.9799
4.835	0.9799
4.84	0.9799
4.845	0.9799
4.85	0.9799
4.855	0.9799
4.86	0.9799
4.865	0.9799
4.87	0.9799
4.875	0.9799
4.88	0.9799
4.885	0.9799
4.89	0.9799
4.895	0.9799
4.9	0.9799
4.905	0.9799
4.91	0.9799
4.915	0.9799
4.92	0.9799
4.925	0.9799
4.93	0.9799
4.935	0.9799
4.94	0.9799
4.945	0.9799
4.95	0.9799
4.955	0.9799
4.96	0.9799
4.965	0.9799
4.97	0.9799
4.975	0.9799
4.98	0.9799
4.985	0.9799
4.99	0.9799
4.995	0.9799
5	0.9799
5	0.9799
