x   sigma   coverage    SE
200     37.39524867494336       95.12756850470399       102.21379022948912
400     18.72632533274649       47.81136947534784       51.347855958901405
600     12.505976795335904      31.9250119736886        34.287109022570576
800     9.481727812169574       23.956030611217244      25.764210932020557
1000    7.647604968138738       19.17379953101516       20.64268515005394
1200    6.392644885525857       15.983365798716028      17.21435130604709
1400    5.563571720553997       13.702129028488866      14.788565522156143
1600    4.994685719698923       11.990226579739199      12.988934477933466
1800    5.153827588173107       10.656464535384368      11.837321284924178
2000    4.697596474640362       9.591703764754751       10.680271239503424
2200    4.337756021670338       8.720040329103892       9.739365002131073
2400    3.986838613448616       7.994420602446972       8.93340041073462
2600    3.691838161476973       7.3801159868468735      8.252016783177945
2800    3.6304493148910573      6.85273707017858        7.755009192837404
3000    3.3946772807708774      6.39645048882326        7.241437198274199
3200    3.188485089441159       5.997090327941314       6.792019549962725
3400    3.83961641007117        5.643349121499207       6.825689963924064
3600    3.9559794685123175      5.329170909308348       6.63700505769804
3800    3.8297650131009977      5.048646703414737       6.336870962192064
4000    3.6448315270709046      4.7965271966599925      6.024240201803791
4200    3.7003239994781025      4.567686081264586       5.878448250864496
4400    3.535836299273061       4.360365642868331       5.613815714357176
4600    3.382429421714331       4.171148251060983       5.370224066573744
4800    3.255252962115343       3.9974526784575994      5.155220631929205
5000    3.125840804882585       3.8378033291001974      4.94970859044465
5200    3.008192939767626       3.690395766013723       4.761118111607798
5400    2.9977015933201847      3.55355263367003        4.649080679323341
5600    2.8935413237056498      3.4267990403079702      4.485034342638624
5800    2.8065239123190646      3.308711717543325       4.338680640497432
6000    2.7175594016236047      3.1984873370393077      4.197076404659993
6200    2.631234068363413       3.095439313106821       4.062651506546372
6400    2.566882691517322       2.998698168409126       3.9472873542765363
6600    2.4912834899210097      2.907908780753207       3.8291548550998313
6800    2.4192730179346382      2.8224818639823597      3.717430000392194
7000    2.377804593086576       2.7417658397444518      3.6292195583752185
7200    2.311902170184353       2.665726215211077       3.52859574037133
7400    2.2504116134442964      2.593770236637201       3.4339476510846763
7600    2.193629103180212       2.5255628085812325      3.34521690513604
7800    2.1378320574585836      2.460887265772677       3.259799386578831
8000    2.290566235865392       2.399104805165095       3.3169862144803677
8200    2.2352498457753662      2.340658966677124       3.2365145251218665
8400    2.3203340007765005      2.284764729146836       3.256393671335346
8600    2.268405813504719       2.2316795964582967      3.1821468784439024
8800    2.232411690176765       2.1809031810199864      3.1208974093072936
9000    2.1865577629303723      2.1324587090857494      3.054245405429422
9200    2.140481977402393       2.0861334069257955      2.9889154700453284
9400    2.21246264577737        2.0416233882803607      3.0105177326389527
9600    2.1752944670885626      1.9990977825222176      2.9543693003129046
9800    2.1312943613615603      1.958354998494407       2.8944032122182994
10000   2.1005424007280364      1.9191485611563617      2.845243324751828
10200   2.1224354896841775      1.8814387775957309      2.8362905848505426
10400   2.087456076507134       1.8452720386917165      2.78612666045965
10600   2.0496305846984333      1.8104918043254439      2.734751562255856
10800   2.0188020714079684      1.7769684196764948      2.689456928089514
11000   1.9857373997078938      1.744675461343689       2.643302004314581
11200   1.9559105831407395      1.7135255275568781      2.600337659387916
11400   1.9261629259492243      1.6834615315571155      2.558152916761214
11600   1.8931596604890824      1.6544766610759545      2.5142288126079886
11800   1.862999986813482       1.6264524475085393      2.473078347904399
12000   1.8327823659509066      1.5993763191829375      2.4325081318062978
12200   1.8780351740727275      1.57310028120438        2.4498286898841886
12400   1.8517171319323793      1.5477351060057851      2.4133670038049777
12600   1.8223974416267485      1.5232075299011403      2.375140756754271
12800   1.7989837920685163      1.4994153925561053      2.3419199823135286
13000   1.7713707861963217      1.4763848366456747      2.3059632798609457
13200   1.7447799414990537      1.4540431022504883      2.2712327902396234
13400   1.7191651434090975      1.4323643479974282      2.237676566380164
13600   1.699230182123928       1.4113025627770923      2.2088816481518663
13800   1.6781930913419643      1.390850713283799       2.1796324824313733
14000   1.654371624212938       1.371008528491617       2.1486297624760073
14200   1.6325775448732687      1.3517034027127888      2.1195309690895674
14400   1.6108560997357857      1.3329437716117891      2.090836309311336
14600   1.5904174330280887      1.314693309094703       2.0634548961045973
14800   1.5733137320283281      1.296929063067603       2.0389558832937795
15000   1.553906043189723       1.2796493738719523      2.012989446348992
15200   1.5359187566884356      1.2628196870376778      1.988406394356367
15400   1.5164344700072152      1.2464351969162801      1.962950381934752
15600   1.4970398184205487      1.2304786127542595      1.9378353475933594
15800   1.4832438834182093      1.2148977275126802      1.9172868606478806
16000   1.4843885356433344      1.1996780741023825      1.9085693087313764
16200   1.4670413178111152      1.1848728791911118      1.8857714516896287
16400   1.45338367737434        1.170424145756665       1.8660698793529622
16600   1.4412605544552917      1.1563187948791922      1.8477838459137048
16800   1.5160078693463148      1.1424914838239668      1.898306258360395
17000   1.5029288193663126      1.1290519690000538      1.8797748228936138
17200   1.5609666242160363      1.115880248786391       1.9188031508072907
17400   1.5436966773114427      1.1030634789188651      1.8973003109858435
17600   1.529063287725628       1.0905273588036584      1.878106615229708
17800   1.5141233835798067      1.078277702655618       1.8588309295757481
18000   1.5681898253853395      1.0662494201694337      1.8963404637495227
18200   1.5517813333147954      1.0545403875844734      1.8761878198813293
18400   1.5352815947387954      1.0430872031690992      1.8561035770017882
18600   1.5189134863685825      1.0318863053890936      1.8362700036546684
18800   1.5040865531330825      1.0209110272491382      1.8178381899593394
19000   1.4902690741404974      1.0101705507102459      1.8003739763898545
19200   1.4750865874411119      0.9996594039538049      1.781908910231368
19400   1.4603173444688629      0.98936550166008        1.7639078327485518
19600   1.4488959049382257      0.9792640375652572      1.7487874080674783
19800   1.435819790665027       0.9693757943992568      1.7324167806946895
20000   1.4246912465081132      0.9596812652075312      1.7177698561411447
20200   1.4108335069587958      0.9501882407599294      1.700972920782722
20400   1.3971077163737258      0.9408834419765668      1.6843905789740925
20600   1.3858622462052796      0.931747450731081       1.669960322103795
20800   1.3735620128771435      0.9227927633663477      1.6547565039426224
21000   1.363470642886245       0.9140025778726416      1.6414788778325675
21200   1.3511938171827642      0.9053877063432145      1.6264844390249653
21400   1.3432759859139873      0.8969214333923624      1.6151960970767
21600   1.366276949954628       0.8885973480562501      1.6298214475671624
21800   1.353975918017678       0.8804550092507851      1.615070218252635
22000   1.3419006288990951      0.8724608118383687      1.6005890059704435
22200   1.3438174342721858      0.8645881914030268      1.5979230386246508
22400   1.331923335776644       0.8568781369820245      1.583748690299117
22600   1.3214164058432802      0.8492972097884439      1.57081095876818
22800   1.3101402937664635      0.8418522115590934      1.5572998219538239
23000   1.2989449576942442      0.8345380034109229      1.5439273565347533
23200   1.2897246233861037      0.8273414120224319      1.5322804626489561
23400   1.2809601520349203      0.8202691263138554      1.5210852542461326
23600   1.2703395304257312      0.8133262440480861      1.5083971963046185
23800   1.260215032946323       0.8064978390474485      1.4961887226055766
24000   1.2687068554991274      0.7997645096937107      1.4997467640092128
24200   1.35356364677248        0.7931189573215444      1.568812361733177
24400   1.3435518814245495      0.7866198563827498      1.5568887103884672
24600   1.3327072791835697      0.7802332018851873      1.5443032543230895
24800   1.3219831612760613      0.7739507121369439      1.5318744020038755
25000   1.3127897641066084      0.7677635706510934      1.5208148687996186
25200   1.3025150080492032      0.7616774595736132      1.5088730558320436
25400   1.2923043466067836      0.7556881414273515      1.497035434234177
25600   1.2874587820431083      0.749775722364308       1.4898703800354056
25800   1.2914524804404421      0.743953306902693       1.4904080085960432
26000   1.281710473640941       0.7382359637968671      1.479112597635479
26200   1.2729484287386459      0.7326015644462329      1.4687078519764425
26400   1.2649197427123033      0.7270533720920307      1.4589820291469504
26600   1.2555288547138996      0.7215933086399292      1.4481193348937498
26800   1.2479042137228553      0.7162073356161717      1.4388251715262954
27000   1.2550633579910493      0.7108894364359062      1.4424104212768047
27200   1.2459711932900739      0.7056681719701822      1.43192590012208
27400   1.2371322393076587      0.7005218732886745      1.4216986574131159
27600   1.2282409013361861      0.695452517505297       1.4114637493820317
27800   1.2204798198860183      0.6904499149133099      1.4022453693105228
28000   1.215196650137753       0.6855126089214962      1.3952169850945666
28200   1.2079939474631516      0.6806502183084329      1.3865547579489692
28400   1.200199512500983       0.6758568406028947      1.3774111001430633
28600   1.19769331495211        0.6711264605545484      1.3729093206535712
28800   1.1894520298203193      0.66647187112001        1.3634444932735197
29000   1.1837686527150795      0.6618740575997355      1.3562394667883737
29200   1.1758052332940596      0.6573459391489807      1.3470789250661421
29400   1.1678553715739517      0.65288039099138        1.3379607519860925
29600   1.1600227679257942      0.648474461544582       1.3289740213344114
29800   1.1522782365241973      0.6441279610628703      1.320093165117646
30000   1.1447950933109612      0.6398384738094981      1.3114682909760802
30200   1.1372531243026707      0.635606657313244       1.3028202069192438
30400   1.1496833756546812      0.6314116078776002      1.311660200974063
30600   1.1443139410913254      0.6272859572506625      1.3049682248774648
30800   1.1371803339525244      0.6232155977586632      1.2967562582143426
31000   1.1528887240138792      0.6191744381171905      1.308636463948674
31200   1.1468202013831128      0.6152066789243451      1.3014130136484443
31400   1.1642975816037344      0.6112753390200603      1.3150081363331538
31600   1.1575023030084592      0.6074072980573791      1.3071936379906586
31800   1.150667597146753       0.6035897600380307      1.2993677376117392
32000   1.1438858693422074      0.5998199217267928      1.291610940098106
32200   1.1368656633859109      0.5960987862471974      1.283665571537723
32400   1.1298903472462367      0.5924237859702008      1.2757813836952974
32600   1.1233331018700923      0.5887923228002094      1.268287687059032
32800   1.1179022037259017      0.5851974534386687      1.2618087797310376
33000   1.1114678199647476      0.5816525649494262      1.2544641968304377
33200   1.1319133754109545      0.5781298297628067      1.2710082570525623
33400   1.1255454587101268      0.5746698148080079      1.2637634176041257
33600   1.1189370884126892      0.571253239531566       1.256324190446389
33800   1.163882697795331       0.5678421041475146      1.2950164437064167
34000   1.1579119934952542      0.5645023721015447      1.288185977562411
34200   1.2269600346716107      0.5611770906882605      1.3492037110068666
34400   1.2198413939493913      0.5579197299069927      1.3413752090343274
34600   1.2129218429222968      0.5546983866247709      1.3337427402472128
34800   1.2062096817228554      0.5515135185679847      1.3263140493281336
35000   1.1996263061784829      0.5483645461513956      1.3190174183653744
35200   1.193264382642094       0.5452503760941428      1.3119366827377843
35400   1.18676366283573        0.5421718984317097      1.3047445569445089
35600   1.1803127994617224      0.539129389380593       1.2976127323154083
35800   1.1762273738371922      0.5361148857136961      1.2926445782378648
36000   1.1913512304831608      0.5331233958849853      1.3051966555326748
36200   1.1860471200443043      0.5301759061567295      1.2991513624033568
36400   1.181027310494919       0.5272613329879479      1.2933793029885277
36600   1.1757637261715255      0.5243807431413036      1.2873987352635452
36800   1.169402038135719       0.5215351071966532      1.2804296133855224
37000   1.16427799872833        0.5187166899544197      1.2746020017088138
37200   1.1582008730119304      0.5159293748022556      1.2679165516821067
37400   1.1520517012477713      0.5131740019084288      1.2611782897681818
37600   1.1566591377472377      0.5104342250249371      1.2642798183198969
37800   1.1507498071538664      0.507735535281834       1.257783960961735
38000   1.1447295275580929      0.5050669698436062      1.2511987593066007
38200   1.1395792768274375      0.5024221449023272      1.2454191823891265
38400   1.133706500253767       0.4998088556929017      1.2389912513600296
38600   1.1278446194689584      0.49722339263770327     1.2325845155003479
38800   1.1220430447162757      0.49466454055989073     1.2262436959607572
39000   1.1169559655965708      0.49212829183711215     1.2205658051527914
39200   1.1119528307677995      0.4896174649726759      1.214975044953102
39400   1.1063585481467735      0.4871352899827381      1.2088548414942146
39600   1.1008306185254886      0.48467794337905745     1.2028053705738775
39800   1.0958726931605776      0.48224435929230813     1.1972871759457988
40000   1.0906537396084606      0.4798348321024932      1.1915397793698486
40200   1.086314572230647       0.4774483527983445      1.1866070450787432
40400   1.081043758847558       0.4750875639984931      1.1808318263026618
40600   1.0762935344531506      0.47274805231864436     1.1755417871248672
40800   1.0713334178151666      0.47043096029390474     1.1700686221459713
41000   1.0672198640082269      0.4681351826303732      1.1653792461469832
41200   1.0635225346707153      0.4658617738710497      1.1610802616988647
41400   1.0589555637827857      0.4636117839969263      1.1559942786741335
41600   1.0542384341499587      0.46138464301457655     1.1507799376286696
41800   1.0551013669654157      0.45917456917064153     1.1506868294828672
42000   1.050211906727366       0.45698982281152317     1.1453317192784094
42200   1.0453093445373065      0.4548261586220268      1.1399730086032223
42400   1.04110809264092        0.4526787428094018      1.1352638921210851
42600   1.0362794321845161      0.4505559997565753      1.129989278924942
42800   1.0319324402621537      0.4484508761534903      1.1251634323902624
43000   1.0272464624219597      0.44636623404180437     1.1200348697478546
43200   1.0229254984247718      0.4443002277544146      1.1152485228460034
43400   1.0183953281812634      0.4422543602428314      1.1102783270942558
43600   1.0137494126140227      0.440228560532872       1.1052099606337797
43800   1.0091997810553088      0.43822043402902516     1.100236950335095
44000   1.004787253223945       0.43623002392920535     1.0953967582655133
44200   1.0010041453304461      0.4342563089312811      1.0911406145934432
44400   0.9968614103261597      0.43230094151573706     1.086561905936727
44600   0.9927961513004318      0.43036340396589895     1.0820613926714442
44800   0.9895128871738208      0.42844103592306737     1.0782845056597548
45000   0.9851531118861222      0.42653920365311754     1.0735279903719075
45200   0.9816626640321023      0.42465085867519553     1.0695746527139587
45400   0.9773698037519147      0.42278244155505        1.0648928237965103
45600   0.9731622958808978      0.42093019219869        1.06029575158472
45800   0.9689560650717288      0.4190941452598007      1.0557062842620248
46000   0.9647647692345519      0.41727439743871336     1.0511369952171026
46200   0.9606046031695319      0.41547058718233965     1.0466026048334354
46400   0.9564841489815028      0.4136822638992795      1.0421108111509556
46600   0.9527611387118918      0.4119074377731272      1.0379891737067413
46800   0.9488919798859794      0.41014812486766317     1.0337395580243576
47000   0.9453891603050072      0.40840358071492683     1.0298320975591022
47200   0.9414982547823719      0.40667465314362816     1.0255745888367858
47400   0.937547021094457       0.4049609329613056      1.0212677288487977
47600   0.9337125410105189      0.4032606203406871      1.0170733686209052
47800   0.944284349012334       0.40156579549760935     1.0261228093670247
48000   0.9403681646954078      0.39989483798821607     1.0218650432528904
48200   0.9365998291640926      0.39823672700144114     1.017748363164013
48400   0.9329118592862238      0.39659170135920563     1.013710764855473
48600   0.9293359393635419      0.39496022071373865     1.0097815922955626
48800   0.9255558658099639      0.393343488170174       1.005670304036622
49000   0.9219096282237474      0.3917394154684732      1.0016871428960388
49200   0.9181945539462366      0.3901489266946233      0.997645941152218
49400   0.9269303656691545      0.38856496619179715     1.0050784226870981
49600   0.9232909918924063      0.38699968363997717     1.0011168817111746
49800   0.9213630977227079      0.38544276618188156     0.9987372446480229
50000   0.9177421222736744      0.3839025030427186      0.9948023596865121
50200   0.9146765280879555      0.3823735639519692      0.9913842309843178
50400   0.9113104917655718      0.3808567273049989      0.9876936058998674
50600   0.9077868838515116      0.3793523663471013      0.9838624112882772
50800   0.9047031362825086      0.37785886346391806     0.9804412708049632
51000   0.9015549497480568      0.3763770968986744      0.9769652227613301
51200   0.8983952295553808      0.37490757584635864     0.9734832709989722
51400   0.8956256194871641      0.37344853965759806     0.9703654270707294
51600   0.8925795071616541      0.37200179688901713     0.9669971631259312
51800   0.8891434584537515      0.37056753844384205     0.9632737877983738
52000   0.8863908022175709      0.3691417282029465      0.9601844977693438
52200   0.8830533338170101      0.36772868930808567     0.9565602852437365
52400   0.8799783896931593      0.36632598899653335     0.9531824046536183
52600   0.87797610231884        0.36493118643432254     0.9507979843664713
52800   0.8746670729095612      0.36355063879925437     0.9472125186057908
53000   0.872346939562533       0.36217887436809293     0.9445436570125578
53200   0.8691146313565256      0.3608188041236148      0.9410369024895807
53400   0.8750721999834581      0.35946029419583        0.9460248719178803
53600   0.8718423048560466      0.3581206312181058      0.9425281911119466
53800   0.8693596597179691      0.3567894409016641      0.9397259829779451
54000   0.8667968967139184      0.3554683025345352      0.9368535500598069
54200   0.8636267007283058      0.3541580442372301      0.9334232686776126
54400   0.8608422805426024      0.3528563931852082      0.9303531943200188
54600   0.8581688196915289      0.3515641882586025      0.9273894012531532
54800   0.8553906031779694      0.3502814155764282      0.9243322747277609
55000   0.8525665449081332      0.34900839572969045     0.9212364375047288
55200   0.8495741597077369      0.3477451312300089      0.9179885234235139
55400   0.8469399778651043      0.3464900098182925      0.9150752171324628
55600   0.8439184593034559      0.34524516516897585     0.9118073206690502
55800   0.8409460076743679      0.3440089384342203      0.9085881011471024
56000   0.8379868464933862      0.3427814871640678      0.9053845055214608
56200   0.8352818478680106      0.341561843604059       0.9024191145936582
56400   0.8323751515004366      0.3403518706120193      0.8992706982129883
56600   0.8294932521565993      0.33915033601888206     0.8961484284397604
56800   0.826684157563485       0.3379570577150214      0.8930966740649319
57000   0.8243177649743115      0.33677139819975843     0.8904576083664312
57200   0.837438810261359       0.335588852485309       0.9021771659958852
57400   0.8371488350672809      0.3344178713934756      0.9014729528731568
57600   0.8343616172543911      0.333257722710349       0.8984542381743496
57800   0.8318946677881949      0.3321048832383629      0.8957356707004571
58000   0.8357209840970828      0.33095625986324345     0.8988668473154761
58200   0.8328797149073729      0.3298203523646942      0.8958069459086359
58400   0.8439995137987861      0.3286863468689635      0.905742730531497
58600   0.8417091538746768      0.3275636860993249      0.903201122766907
58800   0.8388911086361046      0.3264507245370726      0.9001712990867307
59000   0.841259848691012       0.32534181802595735     0.9019786203541964
59200   0.8384562135195492      0.32424382581116445     0.8989676749284152
59400   0.8373537574488831      0.3231506164105209      0.8975453392449111
59600   0.8346882941799505      0.3220667293176165      0.8946683891668368
59800   0.8319131321861973      0.32099104243037446     0.8916920482007159
60000   0.8367161866850711      0.3199174788840381      0.8957908072515177
60200   0.8341664199869041      0.3188553187434264      0.8930298598169829
60400   0.8323489239700583      0.3177995171693298      0.890955253841164
60600   0.8303022224598858      0.3167497506658306      0.8886687713477343
60800   0.8276004404548553      0.31570911812200825     0.8857735242749394
61000   0.8248979272198378      0.3146753311552325      0.8828800339622819
61200   0.8222509514129702      0.31364789707482427     0.880040698171962
61400   0.8198380095365347      0.31262651077782916     0.8774221886423589
61600   0.8178563346414972      0.3116106955835169      0.8752086663849187
61800   0.815373692908094       0.31060302667282697     0.8725299417583924
62000   0.8130313918274769      0.30960109213732634     0.8699844138543801
62200   0.810457589989575       0.30860658832738913     0.8672251907842511
62400   0.8081578798390601      0.30761757237637194     0.8647240771371507
62600   0.8060873155680268      0.3066349895072787      0.8624394338791546
62800   0.8044486855228763      0.3056577078701486      0.8605604697055964
63000   0.8024179737394714      0.3046869631268041      0.8583173947203876
63200   0.7999106245288583      0.3037236521975398      0.8556313833295038
63400   0.7974187465477738      0.30276673935162285     0.8529621068977427
63600   0.795492360065095       0.3018148539612137      0.8508233077399582
63800   0.7930597580261537      0.30086974304172137     0.8482136417663259
64000   0.7905985635378266      0.2999307480314522      0.8455794121682371
64200   0.788153470512597       0.2989974962012813      0.8429622742541248
64400   0.7861040487447338      0.2980687282825796      0.8407166836888971
64600   0.7837551567762454      0.2971467384975168      0.8381934919653509
64800   0.7978011084413319      0.29622488061870217     0.8510204395475952
65000   0.7978057545584778      0.29531177800358405     0.8507073928409581
65200   0.7955825216148426      0.2944064514233505      0.8483081440954819
65400   0.7935281944487979      0.29350655610419835     0.8460692015794666
65600   0.7911535035984385      0.29261258193077166     0.843531854383862
65800   0.8043212101553529      0.2917187187363522      0.8555889316528997
66000   0.8021384522129679      0.29083496273977594     0.8532356486167597
66200   0.8000194115256248      0.2899565628099038      0.8509441034135795
66400   0.7977895155682706      0.28908350071153366     0.8485501644182807
66600   0.7955720775579478      0.2882161461884666      0.8461698869101882
66800   0.7936224113838501      0.2873532173461028      0.8440428919017526
67000   0.7995893718882389      0.2864921763347965      0.8493650161960266
67200   0.8024329886175258      0.28563759511962883     0.8517555617472534
67400   0.8000904824798128      0.2847909623880622      0.8492647834525451
67600   0.7977291019509959      0.28394959818264237     0.8467579904598636
67800   0.7955272950325116      0.2831125934597264      0.8444029948533088
68000   0.7932206543953186      0.2822807893648201      0.8419509787414963
68200   0.7908995071562281      0.2814542100530046      0.8394870474143871
68400   0.7886237479499091      0.280632146277503       0.837067391166852
68600   0.7864558748921967      0.27981429354897186     0.8347507903720492
68800   0.7921206673888843      0.27899723291715517     0.8398181991836333
69000   0.7903436599080044      0.2781886172367617      0.8378735032908492
69200   0.7880961739788225      0.2773854066899289      0.835486830108408
69400   0.7861766227803737      0.2765861433980174      0.8334108092208444
69600   0.7848599310615145      0.27579044834730043     0.8319047317965503
69800   0.783024979773482       0.2749996576248063      0.8299113992728515
70000   0.7812247326577499      0.2742135864779922      0.8279523983450354
70200   0.7791711500416665      0.27343283439754396     0.825756135904498
70400   0.7777216572413748      0.2726552947798013      0.8241309883226882
70600   0.7822344841624249      0.27188002286234797     0.8281361814608066
70800   0.7801759375860331      0.27111235579841614     0.8259397090919002
71000   0.7781323003364528      0.2703488160982914      0.8237586777647002
71200   0.7759811446867204      0.2695901745226088      0.8214776923985481
71400   0.7738121346610197      0.26883616863797083     0.8191813628962683
71600   0.7717087602494326      0.2680859011841356      0.8169482609440002
71800   0.7699273453164068      0.26733915520810725     0.8150204543282052
72000   0.7684528080279236      0.26659634547964434     0.8133838759092183
72200   0.7666440955351915      0.26585812519630453     0.8114331222915822
72400   0.7645316963341194      0.2651247652158025      0.8091970438837878
72600   0.7672527901049693      0.2643927814291159      0.811529658605084
72800   0.7651802453893835      0.2636670785800346      0.8093337607322996
73000   0.7630900157261633      0.26294574309535174     0.8071225656075556
73200   0.7611033119981668      0.26222778516142625     0.8050103495267908
73400   0.7591921561399422      0.26151360821622116     0.8029707947532597
73600   0.757462317462699       0.26080260514461423     0.801103714400439
73800   0.7555873460839265      0.26009639354686104     0.7991009770349646
74000   0.7535720771440066      0.259394234081183       0.7969669027793415
74200   0.7516210012334209      0.25869562161814635     0.7948946811619318
74400   0.7496117927801378      0.2580011065307569      0.7927688256018568
74600   0.7479293983220524      0.25730897062951363     0.7909527743429485
74800   0.7462479788194513      0.2566210524624912      0.7891390311339775
75000   0.744421530884602       0.2559371785027746      0.7871894657479452
75200   0.7427716160320169      0.25525650367339886     0.7854078916399948
75400   0.7408055813987333      0.25458044425776144     0.7833288658220087
75600   0.7388574540367538      0.2539078567663301      0.7812679035473972
75800   0.7369572252683928      0.2532386473730791      0.7792533377526434
76000   0.7359318550797505      0.2525712862873283      0.7780668030304072
76200   0.7340299494187867      0.25190903685806176     0.7760529166844894
76400   0.73225501324684        0.2512500236229519      0.774160176446492
76600   0.7306478052427589      0.25059352478341906     0.7724269091437963
76800   0.728762717455302       0.24994172532396422     0.7704323230568382
77000   0.7269931281457566      0.24929296135280035     0.768547974397956
77200   0.7253747590962489      0.2486470936142165      0.7668076149183302
77400   0.7267828654809103      0.2480034298144822      0.7679316602122808
77600   0.7249137013094501      0.2473651967433674      0.7659565359118307
77800   0.7280491034506061      0.2467278455489803      0.7687197973283066
78000   0.7262172163642554      0.24609583166418333     0.766781979252469
78200   0.724372825053122       0.2454672209817895      0.7648334107843116
78400   0.7266789861490438      0.24483906664760066     0.7668171343074374
78600   0.7249028228236918      0.2442163432605498      0.7649351115312405
78800   0.7237655608268222      0.24359561878264335     0.763659225393803
79000   0.721952904927128       0.24297966954850242     0.7617447845220985
79200   0.7203557389372426      0.2423662472908588      0.7600353863115022
79400   0.7186244312680662      0.24175610763997557     0.758199900287901
79600   0.7170608579832115      0.24114867006613033     0.7565242594433327
79800   0.7189338132796522      0.24054253571927395     0.758107208359794
80000   0.7173494769623551      0.23994104416191495     0.7564138925030889
80200   0.7155702330960458      0.23934350166117427     0.7545369906641833
80400   0.7155821046916362      0.23874656969316846     0.7543591141460192
80600   0.7141303250756434      0.23815422267880226     0.7527944971719631
80800   0.7124203294653503      0.23756537938575042     0.7509860420262242
81000   0.7203150362223294      0.23697638670746873     0.7582951663204135
81200   0.7185481501077803      0.23639351718272317     0.7564346230767942
81400   0.7182962634460345      0.23581215174976564     0.7560138179910401
81600   0.7166334671864298      0.23523451763522074     0.7542538064728072
81800   0.7149255821860215      0.23465964538032222     0.7524518172175814
82000   0.7132051639568375      0.23408785840587013     0.7506388821182568
82200   0.7114810534061615      0.23351902252619683     0.748823359169258
82400   0.7101111083268158      0.23295209288815721     0.7473449429481084
82600   0.708403578519009       0.23238878062568988     0.7455468968611115
82800   0.7067306395969551      0.23182784388391953     0.7437824588849808
83000   0.7050343294714512      0.23126999958556316     0.7419967779185872
83200   0.7033659439970539      0.23071453043347698     0.7402383708833301
83400   0.7016828882955086      0.2301620676086777      0.7384669614089914
83600   0.7022026665373315      0.22961018616465315     0.7387891596949062
83800   0.7066336383920642      0.2290594185561557      0.7428319568627151
84000   0.7049644486680267      0.22851476014041636     0.741076156334723
84200   0.7033176121650304      0.22797253971790085     0.7393423716025952
84400   0.7018043237881889      0.22743226797098753     0.7377362302355932
84600   0.7001541665334807      0.22689531321313297     0.7360009103746263
84800   0.6990833247927499      0.22635952624721398     0.7348170725603405
85000   0.6974580193826182      0.2258274848404498      0.7331069101505511
85200   0.6958536589796319      0.22529783846691634     0.7314174121069354
85400   0.6942826672031586      0.22477054335269997     0.7297603847413203
85600   0.6929453977091864      0.22424545320254102     0.7283264017515468
85800   0.6914070710226723      0.22372300273137763     0.7267019470259417
86000   0.6898493530711278      0.22320308526709123     0.7250598231907502
86200   0.6884701065073038      0.22268521995093765     0.7235881388875689
86400   0.6870709750771398      0.22216991392415156     0.722098328101178
86600   0.6856042486415215      0.2216567929680019      0.7205448768981463
86800   0.6840348662574955      0.2211466951111932      0.7188946786661541
87000   0.6825095438711569      0.22063867872003162     0.7172870443710356
87200   0.6892363494399497      0.22012963038106304     0.7235356242515029
87400   0.6877881507348622      0.21962606837695162     0.7220028740953868
87600   0.6862782939653133      0.21912486520184682     0.7204121065873814
87800   0.6847469391709773      0.2186262137941325      0.7188016361013515
88000   0.6832525835194713      0.21812958604557964     0.7172270276519479
88200   0.6819824456584813      0.21763510179429768     0.7158666731447538
88400   0.6804427930708633      0.2171434487979793      0.7142504266697769
88600   0.6847554736703312      0.21665115490039064     0.7182115159485767
88800   0.6835141537142515      0.21616304291716665     0.716880784685235
89000   0.6821026534312447      0.21567753995605354     0.7153885874540072
89200   0.6888872497580034      0.21519200927181686     0.7217154866937437
89400   0.6876197901521172      0.21471048051029237     0.720362107727636
89600   0.6861180479129342      0.21423162710566945     0.7187858969986807
89800   0.6846199570382256      0.21375493075435023     0.7172138147002043
90000   0.6831342569225266      0.2132803747876175      0.7156541980947497
90200   0.6837382633797748      0.2128066078119849      0.7160898443198551
90400   0.6824686898460104      0.21233558830525853     0.7147376544446712
90600   0.6809653334127825      0.21186756200767434     0.7131631294038256
90800   0.6794695816617397      0.21140156321635098     0.7115964680448438
91000   0.6786012320262806      0.21093653603268173     0.7106291960938931
91200   0.6772845731542351      0.21047404104007852     0.7092345979888848
91400   0.6758338228796956      0.21001388921198214     0.7077126463545261
91600   0.67446896881657        0.20955552409512446     0.706273252767843
91800   0.6730162281862452      0.20909945462852877     0.7047506121515527
92000   0.6715674568416078      0.2086454355485003      0.7032323704608088
92200   0.6702103742103469      0.2081931738790886      0.7018022109889807
92400   0.6688920300094775      0.20774283516193817     0.7004096182744209
92600   0.6674844135062351      0.2072946265974209      0.6989324033766977
92800   0.6660978096692968      0.20684806957947094     0.6974757457682585
93000   0.667949787821104       0.20640222485567933     0.6991128646188913
93200   0.6688820525430964      0.20595824799816756     0.6998728456889439
93400   0.6674820010361511      0.20551755567548058     0.6984051026431928
93600   0.666200866179853       0.20507846212747619     0.6970514828385038
93800   0.6652743572312416      0.20464112032249657     0.696037325519464
94000   0.664319663332756       0.2042054049637551      0.6949967356088498
94200   0.6686908365869491      0.2037700686881529      0.6990491226148048
94400   0.6673987336892279      0.20333859031376536     0.6976873598115235
94600   0.6660896422884452      0.20290901808069203     0.6963099031195948
94800   0.6647799422805843      0.2024811200903482      0.6949323532917568
95000   0.6641742677093234      0.20205459760883382     0.6942287218936449
95200   0.6629331161538535      0.2016301671233539      0.6929177734678554
95400   0.6618502858839252      0.20120734653211705     0.6917587709766527
95600   0.6605572737367545      0.20078664946630354     0.6903992978635175
95800   0.659439235124666       0.20036759724479436     0.6892077182152393
96000   0.6582472500841428      0.19995027940792548     0.6879458964763461
96200   0.6570536179296306      0.19953468591576917     0.6866830038073766
96400   0.6559631248299967      0.19912067287596502     0.6855192655960232
96600   0.6546211876243777      0.1987089056821221      0.6841155812318099
96800   0.6533662323570624      0.198298704849006       0.682795584292441
97000   0.6531447376590577      0.19788912781498358     0.6824647648333899
97200   0.6518065806704608      0.19748250182610377     0.681066191447509
97400   0.6504835903322888      0.1970774466481281      0.679682588616871
97600   0.6540025476661897      0.19667216037606572     0.6829343094477357
97800   0.6651653288095514      0.19626756950971982     0.6935170318684115
98000   0.6640615372192449      0.19586712784003912     0.6923450418557879
98200   0.6627297726065927      0.19546859851239703     0.6909549366663406
98400   0.6616058507449541      0.19507146416978896     0.6897645814865386
98600   0.6659905812305829      0.19467436398429494     0.6938599010467021
98800   0.6646466961077656      0.19428083060615067     0.6924595813388564
99000   0.6633129394578731      0.1938888264276474      0.6910694123355008
99200   0.6619785056053721      0.1934985012052711      0.6896790643858982
99400   0.6609014066841598      0.1931090950282803      0.6885359772297615
99600   0.6596847808054517      0.19272162582181332     0.6872595107277453
99800   0.6585552234827674      0.19233541449505862     0.6860669748978038
100000  0.6572461256881885      0.19195125643318728     0.6847026760415161
100200  0.6559817059441105      0.1915683470898725      0.6833816138440449
100400  0.655364878310888       0.1911862935374095      0.6826824463540992
100600  0.6541076832157727      0.19080635704279436     0.6813691562800946
100800  0.6528952591757486      0.1904281193669259      0.6800993222315341
101000  0.6516136346366613      0.19005148613924747     0.6787635053743954
101200  0.6503480694760785      0.1896762220048372      0.6774434889090679
101400  0.6490710989825942      0.18930262331914488     0.6761129896178468
101600  0.648356935945231       0.18892945632308925     0.6753229270910521
101800  0.6476598670229835      0.18855815812896587     0.674549836816537
102000  0.6463934472657097      0.18818896638181937     0.6732307002327697
102200  0.6451447234414898      0.18782115173021682     0.6719289391160805
102400  0.6438872938188969      0.1874548624422235      0.6706192456190437
102600  0.6456671723511983      0.18708846115005864     0.672226293555592
102800  0.644413686439788       0.18672501173612827     0.6709211796319853
103000  0.6431697104595278      0.1863629070292232      0.6696255741599
103200  0.642035681283474       0.18600186409334982     0.6684358678940977
103400  0.640820889456016       0.18564239818857134     0.6671690283342022
103600  0.639624072006651       0.18528431436584633     0.6659198379988324
103800  0.6384303869632816      0.18492765421273194     0.6646740526684558
104000  0.637248256265607       0.18457229606484105     0.6634397279242509
104200  0.6360507969060508      0.18421835429570027     0.6621910738633061
104400  0.6348443579711897      0.18386584189899885     0.6609341923861102
104600  0.6336453946924551      0.1835146547777636      0.6596848601667002
104800  0.6324464379344102      0.18316484232511826     0.6584359166387487
105000  0.6314043014881042      0.1828158402217278      0.6573378304750588
105200  0.6302138241233404      0.18246872261778124     0.656097781470056
105400  0.6291898389840753      0.18212265067558125     0.6550179488914074
105600  0.6280175189918883      0.18177808831985953     0.6537960519565329
105800  0.627008012742529       0.18143443827664268     0.6527308047243491
106000  0.6259163366536273      0.1810921789784996      0.6515870147394575
106200  0.6248507937743556      0.18075135170059764     0.6504687276280354
106400  0.6239506626510184      0.18041138600527298     0.6495095823950472
106600  0.6230396153835934      0.1800726224413062      0.6485402930352325
106800  0.6218865617422837      0.17973574900174155     0.6473390418821163
107000  0.6207594553390328      0.17939998976378255     0.6461630271998375
107200  0.6196473613764995      0.1790654518536032      0.6450017740350744
107400  0.6186462186831385      0.1787319076655227      0.6439473881527144
107600  0.6175658897446059      0.1783998254910411      0.6428173347937038
107800  0.616451377494079       0.17806905165723716     0.6416548043710537
108000  0.6153570847853408      0.17773949002780845     0.640512035882901
108200  0.6142346218679645      0.17741130178782824     0.6393425847723059
108400  0.6144463545388288      0.17708308487199742     0.6394550348178042
108600  0.6133275642264973      0.17675734422043327     0.63828979294351
108800  0.6122075364868305      0.17643281382958426     0.637123697194743
109000  0.6112124239688528      0.1761091831189947      0.6360778817037425
109200  0.6101163460475548      0.1757869337400287      0.6349354311960712
109400  0.6090629072800126      0.17546573643590943     0.6338342446471137
109600  0.6081019560334207      0.17514564460015983     0.6328222386690261
109800  0.6070377780378066      0.17482682024993762     0.6317113906237415
110000  0.6084509765268674      0.174507869921027       0.6329815064445979
110200  0.607657511559692       0.17419092715458862     0.6321314186606235
110400  0.6066340188518196      0.17387546994459355     0.6310606245653131
110600  0.6085943129897062      0.17355978456100812     0.6328586229327021
110800  0.6076617240693719      0.17324662516963651     0.6318759087286284
111000  0.6066223513217889      0.1729346636508655      0.630790833014569
111200  0.6055457402472533      0.1726239130680386      0.6296702779189405
111400  0.6044970952591513      0.17231414943159        0.6285768881140029
111600  0.6034754450962523      0.17200555399886328     0.6275097795577179
111800  0.6024038354121396      0.171698216556346       0.6263949700371851
112000  0.6032174632481007      0.17139109342589406     0.6270934658192487
112200  0.6022737853027129      0.17108577432576455     0.626102271709267
112400  0.6070421113436351      0.17077986092759542     0.6306075529542816
112600  0.6059693650422034      0.17047691442819982     0.6294928512085034
112800  0.6049795569019952      0.17017471610084614     0.6284581913455644
113000  0.603922269969239       0.16987384432439054     0.6273589332673487
113200  0.6028578355151446      0.16957414187487294     0.6262531113173049
113400  0.6018478916256256      0.16927521934405154     0.6251999556447422
113600  0.6009365204437453      0.16897724248987483     0.6242419483521737
113800  0.6007629915396466      0.16867978633757522     0.62399442491304
114000  0.5997700537074296      0.16838403781070485     0.6229585070561682
114200  0.5987532409236951      0.1680893575570447      0.6218998919766496
114400  0.5990178823929081      0.16779475377730851     0.6220751584990928
114600  0.5981583837400668      0.16750192812203404     0.6211685342667705
114800  0.5971353489973927      0.16721036048780524     0.6201047731445871
115000  0.5965795902363534      0.16691944188810465     0.619491168271842
115200  0.5956887908302458      0.16662967232063788     0.6185552386153427
115400  0.5949998520816338      0.16634065006854218     0.6178139168409783
115600  0.5940347040833804      0.16605293583913394     0.6168069448022006
115800  0.5930489868232629      0.16576635843330356     0.6157804692910754
116000  0.5921888270697022      0.16548037364068202     0.6148750775291265
116200  0.5912615036298997      0.16519562474332078     0.6139053348106904
116400  0.5903212086141263      0.16491176206810676     0.6129233382797972
116600  0.5893228642762495      0.16462920426995942     0.611885784487042
116800  0.588322632609059       0.1643476369943099      0.6108466794750278
117000  0.5873214043114047      0.16406707124749692     0.6098068840461313
117200  0.5863647844237158      0.16378733765734282     0.6088102761855708
117400  0.5853770196858564      0.16350861878542586     0.6077839448302441
117600  0.5845649808846727      0.16323054254494274     0.6069270358916417
117800  0.5836060390593995      0.162953621599051       0.6059289493157164
118000  0.5826329231945573      0.1626776797500275      0.6049174742715633
118200  0.5817850543935551      0.16240247032689134     0.6040268304338713
118400  0.5809220342869408      0.1621281347267918      0.6031218301388753
118600  0.5799558875628256      0.161855009831968       0.60211782545154
118800  0.5790468660182659      0.16158265452397844     0.6011690505079174
119000  0.5783085585893345      0.16131091183448465     0.6003848759042374
119200  0.5773520545536619      0.16104056776114672     0.5993909069732098
119400  0.5764676161505474      0.16077086062026172     0.598466525458922
119600  0.575527744860604       0.1605022327330685      0.5974890390765613
119800  0.5747806186383899      0.1602341079504508      0.5966973511865181
120000  0.5738741717476601      0.15996721294222413     0.5957525276619191
120200  0.5760164052286412      0.1597003398007709      0.5977450105396178
120400  0.5750901729131733      0.15943518427107717     0.5967816057527711
120600  0.5741682952642447      0.15917094307202118     0.5958226417358486
120800  0.5732919470811861      0.1589074813144165      0.594907761090599
121000  0.5723526845972184      0.15864513769280283     0.5939325511194107
121200  0.5737384700241075      0.15838266443520105     0.5951982026007784
121400  0.5733202397193455      0.15812161625160392     0.5947256029446415
121600  0.5724420067283353      0.1578615957183018      0.593809847063765
121800  0.5715267573036095      0.15760254691914835     0.5928586653742873
122000  0.5708209137947139      0.15734408011161244     0.5921095128197162
122200  0.5698947703176342      0.1570868687298463      0.5911483177365364
122400  0.5689738619965674      0.15683046078147475     0.5901923830957314
122600  0.5680572269882248      0.15657487227304337     0.5892407858939089
122800  0.5673305329163891      0.15631985254214165     0.5884724546467668
123000  0.5693329243666708      0.15606484413197913     0.5903356793739002
123200  0.5684999661498651      0.15581151930498216     0.589465385803547
123400  0.5675805307350964      0.15555935781931632     0.5885119987516753
123600  0.5666918674858739      0.15530784499607858     0.5875884609077625
123800  0.5657783139321575      0.15505730982998378     0.5866411763997023
124000  0.5648760154534032      0.1548074870190108      0.5857049349900123
124200  0.5639904364515802      0.15455842582354198     0.5847850198165948
124400  0.5667285455796958      0.15430908293525777     0.5873606536457796
124600  0.5667071497956495      0.1540610171292968      0.5872748850652667
124800  0.5658100008883398      0.15381437087008282     0.5863444531940439
125000  0.5651584240843823      0.1535680716081804      0.5856510880473098
125200  0.5642781893756994      0.15332297964266517     0.5847373864322537
125400  0.5633822485518378      0.15307876884300664     0.5838087593157673
125600  0.5625078821317605      0.15283522746586903     0.5829011273062547
125800  0.5617008506215739      0.15259231457724842     0.5820586397065519
126000  0.5655425290600028      0.15234886699114228     0.5857034483841365
126200  0.5647509684119488      0.15210743417569872     0.5848763355220901
126400  0.5638711713215265      0.15186699783319055     0.5839642821940196
126600  0.5630852215943737      0.15162717465679873     0.5831430072224036
126800  0.5623634187345375      0.15138804364328606     0.582383854934989
127000  0.5616667907201812      0.15114962377777408     0.5816492006064055
127200  0.5608094692072827      0.1509121668795295      0.5807596257186178
127400  0.5601625041404757      0.1506751037366542      0.5800732866896906
127600  0.5599497487539359      0.1504387625454772      0.5798064697860921
127800  0.5615188740693093      0.1502025919831534      0.5812609264130202
128000  0.5630630368989576      0.14996728672363735     0.5826921748308678
128200  0.5622069232035759      0.1497334726062758      0.5818047243850516
128400  0.5614081104452504      0.14950033365588125     0.5809728188451903
128600  0.5608388089794127      0.149267629158896       0.5803628130507363
128800  0.5599770872222193      0.14903609231943646     0.5794705299044366
129000  0.5592074119331529      0.14880504264012273     0.57866732262683
129200  0.5584029994126022      0.14857478989309542     0.5778307519895147
129400  0.5624856931317888      0.14834340769060006     0.5817180774079558
129600  0.5616386146329951      0.1481147431742097      0.5808406929549893
129800  0.5609249933043841      0.14788663628784512     0.5800924971985559
130000  0.560180664879272       0.14765910997407491     0.5793147590584234
130200  0.559321996677268       0.14743262631178056     0.5784267241995609
130400  0.5585495509506605      0.14720656960699496     0.5776221732262738
130600  0.5599849423216308      0.14698061749475172     0.5789528802468286
130800  0.5591991271118097      0.14675594384619192     0.5781357719574154
131000  0.5583612057223253      0.14653209583245375     0.5772684740783445
131200  0.557750715788609       0.1463085544212181      0.5766212396881789
131400  0.5570937661266931      0.1460857535035069      0.5759292592271293
131600  0.5563345005257694      0.14586381381537994     0.5751385299699762
131800  0.555492084086376       0.14564279990197426     0.5742676036883083
132000  0.5547035290000438      0.14542229522739744     0.5734489070826684
132200  0.5540012478245778      0.1452023918030262      0.572713817867623
132400  0.5531758766514131      0.14498329176016056     0.5718598651756138
132600  0.5524026688601861      0.14476479131776504     0.5710565237952653
132800  0.5516239730190067      0.1445469226056286      0.570248034143066
133000  0.5511260832249204      0.14432936570609967     0.5697112649544214
133200  0.5520674856619368      0.1441118612490817      0.5705670313624573
133400  0.5513261933478857      0.1438958475529734      0.569795214453806
133600  0.5505028057238461      0.14368073907983187     0.5689441922476698
133800  0.5496932193781182      0.14346617179965476     0.5681066606554864
134000  0.5489959583190676      0.14325197161687614     0.5673779072388999
134200  0.5488681645840608      0.14303810182787624     0.5672002826765847
134400  0.5480551872827222      0.14282553628654426     0.5663599757424942
134600  0.547266388223925       0.14261353337682087     0.5655432075287276
134800  0.5464952588091555      0.14240204086959515     0.5647436667592756
135000  0.545778518396386       0.14219119434819996     0.5639969209961362
135200  0.5450424643237345      0.14198086263350124     0.5632316160073425
135400  0.5459949875674142      0.14177074340257662     0.5641005851208275
135600  0.5452721682021702      0.14156174273468772     0.5633484396197238
135800  0.5445577268575983      0.1413533385770758      0.5626045540228056
136000  0.5440560373964938      0.14114538281673322     0.5620667139388857
136200  0.5432976545090334      0.14093820541694307     0.561280606418185
136400  0.5425418298635063      0.1407315787186578      0.5604971136413528
136600  0.5417504707330849      0.1405257977645919      0.5596794371574626
136800  0.541193391406919       0.14032028019446516     0.5590886047277085
137000  0.5425292984927819      0.14011471755819174     0.5603304148442076
137200  0.5417767999119422      0.13991063122205533     0.5595507891619657
137400  0.5436096010985906      0.13970608571588852     0.561274610856953
137600  0.5429412602789012      0.13950301377968846     0.5605767592104203
137800  0.5421549366476226      0.13930084208236834     0.5597648612911001
138000  0.5415014904863881      0.139098896827231       0.5590817179067229
138200  0.5425340730323951      0.138897071843887       0.5600317999613291
138400  0.5418257893927338      0.13869645173501235     0.5592958892884354
138600  0.541097509497409       0.13849643715441784     0.5585407575896018
138800  0.5403307381813601      0.13829703818184735     0.5577484893690747
139000  0.5395596976735954      0.13809827624239643     0.5569522432441968
139200  0.5388243666819823      0.13790000683078157     0.5561907137072399
139400  0.5398520874076419      0.13770166918655635     0.5571373492911349
139600  0.5391290322309711      0.1375044939196952      0.5563879934384053
139800  0.5385865396049785      0.137307671739852       0.5558136894340441
140000  0.5378319958715746      0.13711168548267402     0.5550341161398109
140200  0.5394223463922426      0.1369155005873518      0.5565270182914731
140400  0.5387659104446318      0.13672050110636197     0.5558427850390862
140600  0.5381651862633481      0.13652598088951046     0.5552126720129027
140800  0.5375155006638533      0.1363320830019239      0.5545352561465829
141000  0.5368077455208194      0.13613878321820327     0.5538017009248688
141200  0.5360724164462021      0.13594613792618868     0.5530415789897868
141400  0.5353158847503668      0.13575413119840216     0.5522610620019314
141600  0.5345832250303155      0.13556256380127002     0.5515037925419792
141800  0.5339184611242723      0.1353713772132388      0.5508124298687531
142000  0.5332113133819381      0.13518088381898508     0.5500801542217036
142200  0.5325826321553674      0.13499075303030528     0.5494240288495109
142400  0.5331052153261842      0.1348007930345048      0.5498840099609267
142600  0.5352289278593655      0.13461096156285038     0.5518968347348634
142800  0.5346142116505451      0.13442236799026266     0.5512546855264302
143000  0.5338735995394479      0.134234577298869       0.5504906375478269
143200  0.533214520685959       0.13404720007874907     0.5498057629011441
143400  0.5325552552764469      0.13386023887308598     0.5491208095435112
143600  0.5318672657126433      0.13367379360612078     0.5484081248793596
143800  0.5319029920780118      0.13348762757460636     0.5483974286017745
144000  0.5330490146352347      0.13330165118303175     0.5494639043756353
144200  0.5371707813085487      0.13311588837675406     0.5534187275743107
144400  0.5364451766919504      0.13293162961438168     0.5526701057122531
144600  0.5357705191077827      0.1327478400354584      0.5519710483160349
144800  0.5356536265392935      0.13256412041209342     0.5518134228571546
145000  0.5373176790673009      0.13238039639704866     0.5533849090718961
145200  0.5366045822665072      0.132198188594709       0.5526489290473066
145400  0.535902318401129       0.13201641942000888     0.5519235724846193
145600  0.5352335349838001      0.13183516156230835     0.5512308471007539
145800  0.5345316703278238      0.13165438054166528     0.5505061148609186
146000  0.5441812443284395      0.13147215850909333     0.5598376149758865
146200  0.5434925890224527      0.13129236199968136     0.5591259953192876
146400  0.5428179159391934      0.13111306678859747     0.5584280850273206
146600  0.5420804636589218      0.13093443624274814     0.5576693067355222
146800  0.5413768869189903      0.13075613836051297     0.5569435352071616
147000  0.5408276923185854      0.13057807155253318     0.5563678868779407
147200  0.5401036823500018      0.13040084908290556     0.5556225059602737
147400  0.5393787927119245      0.1302241426326328      0.5548763910564023
147600  0.539236276274487       0.1300475583951888      0.5546964296756605
147800  0.53884109093088        0.12987134006691095     0.5542709502096931
148000  0.5381335294611891      0.1296959509332343      0.553541990474826
148200  0.537460132901978       0.1295210739792989      0.5528463647920305
148400  0.5367719273168976      0.12934667043289194     0.5521364533406321
148600  0.5360913952650549      0.12917265739360403     0.5514340935192154
148800  0.5353933510145905      0.128999204122944       0.5507148399807159
149000  0.539150114711581       0.1288246651488539      0.5543271962877389
149200  0.5394098605716472      0.12865163939675556     0.5545396667519796
149400  0.5386910009314635      0.12847965215760027     0.5538005195944474
149600  0.538059267961509       0.12830795396197434     0.5531461894374607
149800  0.5373719929738908      0.1281367221743863      0.5524379407701169
150000  0.5366577299497736      0.12796610134499356     0.5517035818338334