time	Percentile5	Percentile95
0	2.5764	2.5764
0.01	2.5763	2.5764
0.02	2.5763	2.5764
0.03	2.5763	2.5764
0.04	2.5763	2.5764
0.05	2.5763	2.5764
0.06	2.5763	2.5764
0.07	2.5763	2.5764
0.08	2.5763	2.5764
0.09	2.5763	2.5764
0.1	2.5763	2.5764
0.11	2.5763	2.5764
0.12	2.5763	2.5764
0.13	2.5763	2.5764
0.14	2.5763	2.5764
0.15	2.5763	2.5764
0.16	2.5763	2.5764
0.17	2.5763	2.5764
0.18	2.5763	2.5764
0.19	2.5763	2.5764
0.2	2.5763	2.5764
0.21	2.5763	2.5764
0.22	2.5763	2.5764
0.23	2.5763	2.5764
0.24	2.5763	2.5764
0.25	2.5763	2.5764
0.26	2.5763	2.5764
0.27	2.5763	2.5764
0.28	2.5763	2.5764
0.29	2.5763	2.5764
0.3	2.5763	2.5764
0.31	2.5763	2.5764
0.32	2.5763	2.5764
0.33	2.5763	2.5764
0.34	2.5763	2.5764
0.35	2.5763	2.5764
0.36	2.5763	2.5764
0.37	2.5763	2.5764
0.38	2.5763	2.5764
0.39	2.5763	2.5764
0.4	2.5763	2.5764
0.41	2.5763	2.5764
0.42	2.5763	2.5764
0.43	2.5763	2.5764
0.44	2.5763	2.5764
0.45	2.5763	2.5764
0.46	2.5763	2.5764
0.47	2.5763	2.5764
0.48	2.5763	2.5764
0.49	2.5763	2.5764
0.5	2.5763	2.5764
0.51	2.5763	2.5764
0.52	2.5763	2.5764
0.53	2.5763	2.5764
0.54	2.5763	2.5764
0.55	2.5763	2.5764
0.56	2.5763	2.5764
0.57	2.5763	2.5764
0.58	2.5763	2.5764
0.59	2.5763	2.5764
0.6	2.5763	2.5764
0.61	2.576345	2.5764
0.62	2.576345	2.5764
0.63	2.576345	2.5764
0.64	2.5764	2.5764
0.65	2.5764	2.5764
0.66	2.5764	2.5764
0.67	2.5764	2.5764
0.68	2.5764	2.5764
0.69	2.5764	2.5764
0.7	2.5764	2.5764
0.71	2.5764	2.5764
0.72	2.5764	2.5764
0.73	2.5764	2.576455
0.74	2.5764	2.5765
0.75	2.5764	2.5765
0.76	2.5764	2.5765
0.77	2.5764	2.5765
0.78	2.5764	2.5765
0.79	2.5764	2.5765
0.8	2.5764	2.5765
0.81	2.5764	2.5765
0.82	2.5764	2.5765
0.83	2.5764	2.5765
0.84	2.5764	2.5765
0.85	2.5764	2.5765
0.86	2.5764	2.5765
0.87	2.5764	2.5765
0.88	2.5764	2.5765
0.89	2.5764	2.5765
0.9	2.5764	2.5765
0.91	2.5764	2.5765
0.92	2.5764	2.5765
0.93	2.5764	2.5765
0.94	2.5764	2.5765
0.95	2.5764	2.5765
0.96	2.5764	2.5765
0.97	2.5764	2.5765
0.98	2.5764	2.5765
0.99	2.5764	2.5765
1	-0.00612	0.07214
1.01	-0.107885	-0.003625
1.02	-0.109505	-0.003035
1.03	-0.10707	0.00159
1.04	-0.10518	0.0036
1.05	-0.10434	0.00347
1.06	-0.104575	0.0021
1.07	-0.10422	3.5E-05
1.08	-0.10422	-0.00242
1.09	-0.10452	-0.004005
1.1	-0.105175	-0.0064
1.11	-0.106455	-0.00829
1.12	-0.108545	-0.009225
1.13	-0.111295	-0.009275
1.14	-0.1142	-0.00827
1.15	-0.11735	-0.007625
1.16	-0.093935	0.657075
1.17	-0.094675	0.66369
1.18	-0.093205	0.66277
1.19	-0.097205	0.662485
1.2	1.799195	3.420045
1.21	2.266945	3.696895
1.22	2.3586575	3.794305
1.23	2.4114375	3.8655
1.24	2.4359525	3.92069
1.25	2.4671075	3.96398
1.26	2.4897975	3.998035
1.27	2.5048425	4.02092
1.28	2.5156425	4.035925
1.29	2.5265975	4.048645
1.3	2.54439375	4.059505
1.31	2.56641875	4.062095
1.32	2.59580875	4.06396
1.33	2.6072	4.07137
1.34	2.6168525	4.089285
1.35	2.6165625	4.103165
1.36	2.61459	4.12129
1.37	2.618555	4.136995
1.38	2.6224625	4.149725
1.39	2.6283575	4.161665
1.4	2.637065	4.170615
1.41	2.6453675	4.17723
1.42	2.6532875	4.18421
1.43	2.660775	4.191615
1.44	2.6675025	4.200185
1.45	2.67321	4.210325
1.46	2.675105	4.219705
1.47	2.68078	4.22787
1.48	2.6878375	4.23493
1.49	2.6948375	4.241385
1.5	2.7008275	4.24761
1.51	2.70569	4.253885
1.52	2.7103425	4.26146
1.53	2.7148325	4.2677
1.54	2.7194925	4.27376
1.55	2.7243125	4.279665
1.56	2.72867	4.284445
1.57	2.7327325	4.28876
1.58	2.73672	4.29282
1.59	2.7396125	4.296625
1.6	2.7412	4.300175
1.61	2.74256	4.302705
1.62	2.743675	4.30489
1.63	2.7444875	4.307
1.64	2.7477925	4.309
1.65	2.751025	4.31098
1.66	2.7542675	4.312355
1.67	2.7574825	4.312905
1.68	2.7603075	4.31361
1.69	2.7616475	4.314215
1.7	2.7628825	4.31482
1.71	2.7641175	4.31548
1.72	2.7652975	4.31604
1.73	2.7663775	4.316655
1.74	2.7674025	4.317575
1.75	2.76836	4.319395
1.76	2.769195	4.32107
1.77	2.7700025	4.3227
1.78	2.77076	4.324285
1.79	2.7714175	4.325965
1.8	2.771975	4.32767
1.81	2.7725375	4.32922
1.82	2.7730775	4.33066
1.83	2.77349	4.3321
1.84	2.773465	4.333385
1.85	2.77317	4.334615
1.86	2.77288625	4.335745
1.87	2.77257	4.336765
1.88	2.77214875	4.33774
1.89	2.7717775	4.33866
1.9	2.77138375	4.33948
1.91	2.770985	4.340245
1.92	2.77057	4.34091
1.93	2.77009375	4.34152
1.94	2.76964	4.342075
1.95	2.76916375	4.342585
1.96	2.768655	4.342995
1.97	2.7681575	4.343395
1.98	2.76762625	4.34375
1.99	2.76709	4.34405
2	2.7665375	4.34425
2.01	2.76595125	4.34445
2.02	2.76536	4.344595
2.03	2.76474625	4.344695
2.04	2.764155	4.34473
2.05	2.763575	4.34406
2.06	2.76290625	4.34306
2.07	2.76224	4.342015
2.08	2.76157875	4.340915
2.09	2.760855	4.339915
2.1	2.76019	4.338815
2.11	2.75947	4.33767
2.12	2.7587825	4.33657
2.13	2.75805375	4.33547
2.14	2.75733	4.334325
2.15	2.75657875	4.33318
2.16	2.7558775	4.332035
2.17	2.7551675	4.33089
2.18	2.75438	4.329745
2.19	2.75367	4.328545
2.2	2.75291875	4.3274
2.21	2.7521725	4.3262
2.22	2.75144	4.325055
2.23	2.7506525	4.323865
2.24	2.74992	4.322665
2.25	2.74914625	4.32152
2.26	2.7484	4.320275
2.27	2.747645	4.31913
2.28	2.7469125	4.317885
2.29	2.74613875	4.31674
2.3	2.74538375	4.315495
2.31	2.744615	4.31435
2.32	2.7438825	4.313205
2.33	2.7431275	4.31196
2.34	2.7423725	4.310815
2.35	2.74164	4.30967
2.36	2.74084375	4.30848
2.37	2.74008875	4.30728
2.38	2.739375	4.306135
2.39	2.73862	4.30499
2.4	2.7378875	4.303845
2.41	2.7371325	4.3027
2.42	2.73639125	4.301555
2.43	2.73565875	4.300465
2.44	2.7349225	4.29932
2.45	2.73409125	4.298175
2.46	2.73324625	4.29713
2.47	2.7324425	4.295985
2.48	2.73161125	4.294895
2.49	2.7308075	4.293795
2.5	2.72997625	4.29275
2.51	2.72920875	4.29166
2.52	2.7284275	4.290615
2.53	2.7276375	4.28957
2.54	2.72685125	4.288525
2.55	2.72606125	4.28748
2.56	2.72531625	4.28648
2.57	2.72454875	4.285435
2.58	2.72380375	4.284445
2.59	2.72305875	4.283445
2.6	2.72231375	4.282455
2.61	2.72161	4.281455
2.62	2.720865	4.28051
2.63	2.72013375	4.279565
2.64	2.71941125	4.27862
2.65	2.71874375	4.277675
2.66	2.71802125	4.27673
2.67	2.71735375	4.275785
2.68	2.7166725	4.27484
2.69	2.71596375	4.273995
2.7	2.71531875	4.273095
2.71	2.7146375	4.272205
2.72	2.7139925	4.271305
2.73	2.71330625	4.27046
2.74	2.71266125	4.269615
2.75	2.71203875	4.26877
2.76	2.711435	4.267925
2.77	2.71082625	4.267125
2.78	2.71020375	4.26628
2.79	2.70955875	4.26548
2.8	2.709	4.26469
2.81	2.70839125	4.26389
2.82	2.70776875	4.263145
2.83	2.70722375	4.262345
2.84	2.70662375	4.261545
2.85	2.70607875	4.260415
2.86	2.70553375	4.259285
2.87	2.704975	4.258255
2.88	2.70438875	4.25718
2.89	2.70384375	4.256095
2.9	2.70334375	4.25502
2.91	2.70279875	4.254045
2.92	2.70229875	4.253015
2.93	2.70175375	4.251985
2.94	2.70125375	4.25101
2.95	2.70076375	4.250035
2.96	2.70026375	4.24906
2.97	2.69976375	4.24813
2.98	2.69931875	4.247155
2.99	2.69881875	4.246225
3	2.69837375	4.245305
3.01	2.69787375	4.24443
3.02	2.69742875	4.243555
3.03	2.69692875	4.24268
3.04	2.69652875	4.24176
3.05	2.69608375	4.240885
3.06	2.69563875	4.24011
3.07	2.69523875	4.239235
3.08	2.694775	4.238415
3.09	2.6943525	4.237595
3.1	2.6939525	4.23682
3.11	2.69357125	4.236
3.12	2.69314875	4.23528
3.13	2.69274875	4.234505
3.14	2.69234875	4.23374
3.15	2.6919625	4.23302
3.16	2.69160375	4.2323
3.17	2.69120375	4.23158
3.18	2.69085875	4.23086
3.19	2.69048125	4.23014
3.2	2.69015875	4.22952
3.21	2.68975875	4.2288
3.22	2.68943625	4.228135
3.23	2.6890725	4.227515
3.24	2.68875	4.22685
3.25	2.68841375	4.22623
3.26	2.68809125	4.225565
3.27	2.68776875	4.224945
3.28	2.6874275	4.22438
3.29	2.687105	4.22376
3.3	2.6867825	4.223195
3.31	2.6864825	4.222585
3.32	2.6861825	4.22202
3.33	2.68592375	4.2215
3.34	2.68562375	4.220935
3.35	2.68532375	4.22037
3.36	2.6850375	4.219805
3.37	2.6847375	4.219295
3.38	2.68447875	4.218775
3.39	2.6841925	4.218265
3.4	2.683915	4.2178
3.41	2.68365625	4.217235
3.42	2.6833925	4.21677
3.43	2.68315625	4.21626
3.44	2.6828925	4.215795
3.45	2.68263375	4.215385
3.46	2.68241125	4.21492
3.47	2.6821475	4.214455
3.48	2.68191125	4.214
3.49	2.68168875	4.213535
3.5	2.6814475	4.213125
3.51	2.681225	4.212715
3.52	2.68098875	4.212305
3.53	2.68078875	4.21194
3.54	2.68056625	4.21153
3.55	2.68036625	4.21112
3.56	2.680125	4.21071
3.57	2.6799025	4.210345
3.58	2.6797025	4.209935
3.59	2.6795025	4.20958
3.6	2.67934375	4.209215
3.61	2.67914375	4.20886
3.62	2.67894375	4.208495
3.63	2.6787575	4.20814
3.64	2.6785575	4.20783
3.65	2.6783575	4.207475
3.66	2.67822125	4.207165
3.67	2.67802125	4.2068
3.68	2.677835	4.206445
3.69	2.677635	4.20619
3.7	2.67749875	4.20588
3.71	2.677335	4.20557
3.72	2.67717625	4.20526
3.73	2.6770125	4.20495
3.74	2.676835	4.204695
3.75	2.67669	4.204385
3.76	2.6765125	4.20413
3.77	2.67639	4.20382
3.78	2.6762125	4.203565
3.79	2.67609	4.20331
3.8	2.67593125	4.203
3.81	2.67579	4.202745
3.82	2.67565375	4.20249
3.83	2.67549	4.202235
3.84	2.6753675	4.202025
3.85	2.675245	4.20177
3.86	2.67509	4.201515
3.87	2.6749675	4.20126
3.88	2.674845	4.20105
3.89	2.674745	4.200795
3.9	2.67460875	4.20054
3.91	2.674445	4.20033
3.92	2.674345	4.20013
3.93	2.674245	4.19992
3.94	2.6741225	4.199665
3.95	2.674	4.19951
3.96	2.6739	4.199255
3.97	2.67378625	4.199045
3.98	2.67368625	4.198845
3.99	2.67358625	4.19869
4	2.67346125	4.198435
4.01	2.67336125	4.19828
4.02	2.67323375	4.19807
4.03	2.67313375	4.19787
4.04	2.67303375	4.197715
4.05	2.67293375	4.19756
4.06	2.672845	4.197305
4.07	2.672745	4.19715
4.08	2.672645	4.196995
4.09	2.672545	4.19684
4.1	2.672445	4.196685
4.11	2.672345	4.196485
4.12	2.67227875	4.19633
4.13	2.6722175	4.196175
4.14	2.6721175	4.19602
4.15	2.672045	4.195865
4.16	2.671945	4.19571
4.17	2.67187875	4.19551
4.18	2.67179	4.195355
4.19	2.67169	4.1952
4.2	2.67159	4.1951
4.21	2.67155125	4.194945
4.22	2.67149	4.19479
4.23	2.67139	4.194635
4.24	2.67129	4.194535
4.25	2.671235	4.19438
4.26	2.67119	4.194225
4.27	2.67109	4.194125
4.28	2.671035	4.19397
4.29	2.6709625	4.193815
4.3	2.67092375	4.193715
4.31	2.670835	4.19356
4.32	2.670735	4.193505
4.33	2.670735	4.19335
4.34	2.670635	4.19325
4.35	2.67058	4.193095
4.36	2.670535	4.192995
4.37	2.67046875	4.19284
4.38	2.67038	4.19274
4.39	2.670335	4.19264
4.4	2.67028	4.19253
4.41	2.67018	4.19243
4.42	2.67018	4.19233
4.43	2.67008	4.192175
4.44	2.67008	4.192075
4.45	2.66998	4.19202
4.46	2.6699525	4.191865
4.47	2.66991375	4.191765
4.48	2.669825	4.191665
4.49	2.669825	4.19161
4.5	2.669725	4.191455
4.51	2.669725	4.191355
4.52	2.669625	4.191255
4.53	2.669625	4.1912
4.54	2.669525	4.1911
4.55	2.669525	4.190945
4.56	2.66947	4.19089
4.57	2.669425	4.19079
4.58	2.66937	4.19069
4.59	2.66935875	4.190635
4.6	2.66927	4.190535
4.61	2.66927	4.190435
4.62	2.66917	4.19038
4.63	2.66917	4.19028
4.64	2.669115	4.19018
4.65	2.66907	4.190125
4.66	2.669015	4.18997
4.67	2.669015	4.18987
4.68	2.6689425	4.189815
4.69	2.668915	4.189715
4.7	2.668915	4.189615
4.71	2.668815	4.189615
4.72	2.668815	4.189515
4.73	2.66876	4.18946
4.74	2.66876	4.18936
4.75	2.668715	4.189305
4.76	2.66866	4.189205
4.77	2.66866	4.189105
4.78	2.66856	4.18905
4.79	2.66856	4.18895
4.8	2.66856	4.188895
4.81	2.668505	4.188795
4.82	2.66846	4.18874
4.83	2.6684325	4.18864
4.84	2.668405	4.188595
4.85	2.668405	4.18854
4.86	2.668305	4.18844
4.87	2.668305	4.188385
4.88	2.668305	4.188285
4.89	2.66825	4.18823
4.9	2.668205	4.188185
4.91	2.668205	4.18813
4.92	2.66815	4.18803
4.93	2.66815	4.187975
4.94	2.66815	4.187875
4.95	2.66805	4.187875
4.96	2.66805	4.187775
4.97	2.66805	4.18772
4.98	2.6680225	4.18762
4.99	2.667995	4.187565
5	2.66795	4.18752
