time	VDrop6
0	2.5755
0.005	2.5753
0.005	2.5753
0.01	2.5752
0.015	2.5752
0.02	2.5752
0.025	2.5752
0.03	2.5752
0.035	2.5752
0.04	2.5751
0.045	2.5751
0.045	2.5751
0.05	2.5751
0.055	2.5751
0.06	2.5751
0.065	2.5751
0.07	2.5751
0.075	2.5751
0.08	2.5751
0.085	2.5751
0.09	2.5751
0.095	2.5751
0.1	2.5751
0.1	2.5751
0.105	2.5751
0.11	2.5751
0.115	2.5751
0.12	2.5751
0.125	2.5751
0.13	2.5751
0.135	2.5751
0.14	2.5751
0.145	2.5751
0.15	2.5751
0.155	2.5751
0.16	2.5751
0.165	2.5751
0.17	2.5751
0.175	2.5751
0.18	2.5751
0.185	2.5751
0.19	2.5751
0.195	2.5751
0.2	2.5752
0.205	2.5752
0.21	2.5752
0.215	2.5752
0.22	2.5752
0.225	2.5752
0.23	2.5752
0.235	2.5752
0.24	2.5752
0.245	2.5752
0.25	2.5752
0.255	2.5752
0.26	2.5752
0.265	2.5752
0.27	2.5752
0.275	2.5753
0.28	2.5753
0.285	2.5753
0.29	2.5753
0.295	2.5753
0.3	2.5753
0.305	2.5753
0.31	2.5753
0.315	2.5753
0.32	2.5753
0.325	2.5753
0.33	2.5753
0.335	2.5753
0.34	2.5753
0.345	2.5753
0.35	2.5754
0.355	2.5754
0.36	2.5754
0.365	2.5754
0.37	2.5754
0.375	2.5754
0.38	2.5754
0.385	2.5754
0.39	2.5754
0.395	2.5754
0.4	2.5754
0.405	2.5754
0.41	2.5754
0.415	2.5754
0.42	2.5754
0.425	2.5754
0.43	2.5755
0.435	2.5755
0.44	2.5755
0.445	2.5755
0.45	2.5755
0.455	2.5755
0.46	2.5755
0.465	2.5755
0.47	2.5755
0.475	2.5755
0.48	2.5755
0.485	2.5755
0.49	2.5755
0.495	2.5755
0.5	2.5755
0.505	2.5755
0.51	2.5755
0.515	2.5755
0.52	2.5756
0.525	2.5756
0.53	2.5756
0.535	2.5756
0.54	2.5756
0.545	2.5756
0.55	2.5756
0.555	2.5756
0.56	2.5756
0.565	2.5756
0.57	2.5756
0.575	2.5756
0.58	2.5756
0.585	2.5756
0.59	2.5756
0.595	2.5756
0.6	2.5756
0.605	2.5756
0.61	2.5756
0.615	2.5756
0.62	2.5756
0.625	2.5757
0.63	2.5757
0.635	2.5757
0.64	2.5757
0.645	2.5757
0.65	2.5757
0.655	2.5757
0.66	2.5757
0.665	2.5757
0.67	2.5757
0.675	2.5757
0.68	2.5757
0.685	2.5757
0.69	2.5757
0.695	2.5757
0.7	2.5757
0.705	2.5757
0.71	2.5757
0.715	2.5757
0.72	2.5757
0.725	2.5757
0.73	2.5757
0.735	2.5757
0.74	2.5757
0.745	2.5757
0.75	2.5757
0.755	2.5757
0.76	2.5757
0.765	2.5758
0.77	2.5758
0.775	2.5758
0.78	2.5758
0.785	2.5758
0.79	2.5758
0.795	2.5758
0.8	2.5758
0.805	2.5758
0.81	2.5758
0.815	2.5758
0.82	2.5758
0.825	2.5758
0.83	2.5758
0.835	2.5758
0.84	2.5758
0.845	2.5758
0.85	2.5758
0.855	2.5758
0.86	2.5758
0.865	2.5758
0.87	2.5758
0.875	2.5758
0.88	2.5758
0.885	2.5758
0.89	2.5758
0.895	2.5758
0.9	2.5758
0.905	2.5758
0.91	2.5758
0.915	2.5758
0.92	2.5758
0.925	2.5758
0.93	2.5758
0.935	2.5758
0.94	2.5758
0.945	2.5758
0.95	2.5758
0.955	2.5758
0.96	2.5758
0.965	2.5759
0.97	2.5759
0.975	2.5759
0.98	2.5759
0.985	2.5759
0.99	2.5759
0.995	2.5759
1	2.5759
1	0.022
1.005	-0.1009
1.005	-0.0881
1.01	-0.0927
1.01	-0.0927
1.015	-0.0896
1.015	-0.0896
1.02	-0.0816
1.025	-0.0728
1.03	-0.0646
1.03	-0.0646
1.035	-0.0576
1.04	-0.0516
1.045	-0.0468
1.05	-0.0428
1.055	-0.0396
1.06	-0.0369
1.065	-0.0348
1.07	-0.033
1.075	-0.0316
1.08	-0.0304
1.085	-0.0294
1.09	-0.0286
1.095	-0.0279
1.095	-0.0279
1.1	-0.0273
1.105	-0.0268
1.11	-0.0264
1.115	-0.026
1.12	-0.0257
1.125	-0.0255
1.13	-0.0253
1.135	-0.0251
1.14	-0.0249
1.145	-0.0248
1.145	-0.0248
1.15	-0.0247
1.155	-0.0247
1.155	-0.0247
1.16	-0.0246
1.165	-0.0246
1.17	-0.0246
1.175	-0.0246
1.175	-0.0246
1.18	0.5188
1.185	0.6123
1.185	0.6123
1.19	0.6288
1.195	0.6311
1.2	0.6308
1.2	3.2332
1.205	3.3964
1.205	3.3964
1.21	3.4711
1.215	3.5266
1.22	3.5774
1.225	3.6258
1.225	3.6258
1.23	3.6638
1.235	3.6965
1.235	3.6965
1.24	3.7259
1.24	3.7259
1.245	3.7525
1.245	3.7525
1.25	3.7768
1.255	3.7992
1.255	3.7992
1.26	3.8201
1.265	3.8395
1.27	3.8577
1.275	3.8749
1.275	3.8749
1.28	3.8909
1.285	3.906
1.29	3.9203
1.295	3.9338
1.3	3.9464
1.305	3.9584
1.31	3.9697
1.315	3.9803
1.315	3.9806
1.32	3.9912
1.325	4.0014
1.33	4.0113
1.335	4.0208
1.34	4.03
1.345	4.0389
1.35	4.0474
1.355	4.0557
1.36	4.0636
1.365	4.0713
1.37	4.0786
1.37	4.0786
1.375	4.0857
1.38	4.0925
1.385	4.099
1.385	4.099
1.39	4.1014
1.395	4.104
1.4	4.1069
1.405	4.1099
1.41	4.1131
1.415	4.1164
1.415	4.1165
1.42	4.12
1.425	4.1237
1.43	4.1275
1.435	4.1314
1.44	4.1354
1.445	4.1394
1.45	4.1435
1.455	4.1477
1.46	4.1518
1.465	4.156
1.47	4.1602
1.475	4.1644
1.48	4.1686
1.48	4.1686
1.485	4.1727
1.49	4.1768
1.495	4.1808
1.5	4.1849
1.505	4.1889
1.51	4.1928
1.51	4.1928
1.515	4.1961
1.515	4.1964
1.52	4.1997
1.525	4.2028
1.53	4.2057
1.53	4.2058
1.535	4.209
1.535	4.2089
1.54	4.2121
1.54	4.212
1.545	4.215
1.55	4.218
1.555	4.2209
1.56	4.2238
1.565	4.2266
1.57	4.2293
1.575	4.232
1.58	4.2346
1.585	4.2372
1.59	4.2397
1.595	4.2421
1.6	4.2445
1.605	4.2468
1.61	4.249
1.615	4.2512
1.62	4.2534
1.625	4.2554
1.63	4.2575
1.635	4.2594
1.64	4.2613
1.645	4.2631
1.65	4.2649
1.655	4.2666
1.66	4.2683
1.665	4.2699
1.67	4.2715
1.675	4.273
1.68	4.2745
1.685	4.2759
1.69	4.2772
1.695	4.2785
1.7	4.2798
1.705	4.281
1.71	4.2821
1.715	4.2833
1.72	4.2843
1.725	4.2853
1.73	4.2863
1.735	4.2872
1.74	4.2881
1.745	4.289
1.75	4.2898
1.755	4.2906
1.76	4.2913
1.765	4.292
1.77	4.2926
1.775	4.2932
1.78	4.2938
1.785	4.2943
1.79	4.2948
1.795	4.2953
1.8	4.2957
1.805	4.2961
1.81	4.2965
1.815	4.2968
1.82	4.2971
1.825	4.2974
1.83	4.2976
1.835	4.2978
1.84	4.298
1.845	4.2982
1.85	4.2983
1.855	4.2984
1.86	4.2985
1.865	4.2985
1.87	4.2986
1.875	4.2986
1.88	4.2986
1.885	4.2985
1.89	4.2984
1.895	4.2984
1.9	4.2982
1.905	4.2981
1.91	4.298
1.915	4.2978
1.92	4.2976
1.925	4.2974
1.93	4.2971
1.935	4.2969
1.94	4.2966
1.945	4.2963
1.95	4.296
1.955	4.2957
1.96	4.2954
1.965	4.2951
1.97	4.2947
1.975	4.2943
1.98	4.2939
1.985	4.2935
1.99	4.2931
1.995	4.2927
2	4.2922
2.005	4.2918
2.01	4.2913
2.015	4.2908
2.02	4.2903
2.025	4.2898
2.03	4.2893
2.035	4.2888
2.04	4.2883
2.045	4.2877
2.05	4.2872
2.055	4.2866
2.06	4.286
2.065	4.2855
2.07	4.2849
2.075	4.2843
2.08	4.2837
2.085	4.2831
2.09	4.2825
2.095	4.2818
2.1	4.2812
2.105	4.2806
2.11	4.2799
2.115	4.2793
2.12	4.2786
2.125	4.278
2.13	4.2773
2.135	4.2767
2.14	4.276
2.145	4.2753
2.15	4.2746
2.155	4.2739
2.16	4.2733
2.165	4.2726
2.17	4.2719
2.175	4.2712
2.18	4.2705
2.185	4.2698
2.19	4.2691
2.195	4.2684
2.2	4.2676
2.205	4.2669
2.21	4.2662
2.215	4.2655
2.22	4.2648
2.225	4.2641
2.23	4.2633
2.235	4.2626
2.24	4.2619
2.245	4.2612
2.25	4.2604
2.255	4.2597
2.26	4.259
2.265	4.2583
2.27	4.2575
2.275	4.2568
2.28	4.2561
2.285	4.2554
2.29	4.2546
2.295	4.2539
2.3	4.2532
2.305	4.2524
2.31	4.2517
2.315	4.251
2.32	4.2503
2.325	4.2495
2.33	4.2488
2.335	4.2481
2.34	4.2474
2.345	4.2466
2.35	4.2459
2.355	4.2452
2.36	4.2445
2.365	4.2438
2.37	4.2431
2.375	4.2424
2.38	4.2417
2.385	4.2409
2.39	4.2402
2.395	4.2395
2.4	4.2388
2.405	4.2381
2.41	4.2374
2.415	4.2367
2.42	4.2361
2.425	4.2353
2.43	4.2347
2.435	4.234
2.44	4.2333
2.445	4.2326
2.45	4.2319
2.455	4.2312
2.46	4.2306
2.465	4.2299
2.47	4.2292
2.475	4.2286
2.48	4.2279
2.485	4.2272
2.49	4.2266
2.495	4.2259
2.5	4.2253
2.505	4.2246
2.51	4.224
2.515	4.2233
2.52	4.2227
2.525	4.222
2.53	4.2214
2.535	4.2207
2.54	4.2201
2.545	4.2195
2.55	4.2189
2.555	4.2183
2.56	4.2176
2.565	4.217
2.57	4.2164
2.575	4.2158
2.58	4.2152
2.585	4.2146
2.59	4.214
2.595	4.2134
2.6	4.2128
2.605	4.2122
2.61	4.2116
2.615	4.211
2.62	4.2104
2.625	4.2099
2.63	4.2093
2.635	4.2087
2.64	4.2082
2.645	4.2076
2.65	4.2071
2.655	4.2065
2.66	4.2059
2.665	4.2054
2.67	4.2048
2.675	4.2043
2.68	4.2037
2.685	4.2032
2.69	4.2027
2.695	4.2022
2.7	4.2016
2.705	4.2011
2.71	4.2006
2.715	4.2001
2.72	4.1995
2.725	4.199
2.73	4.1985
2.735	4.198
2.74	4.1975
2.745	4.197
2.75	4.1965
2.755	4.1961
2.76	4.1956
2.765	4.1951
2.77	4.1946
2.775	4.1941
2.78	4.1936
2.785	4.1932
2.79	4.1927
2.795	4.1923
2.8	4.1918
2.805	4.1913
2.81	4.1909
2.815	4.1904
2.82	4.19
2.825	4.1895
2.83	4.1891
2.835	4.1887
2.84	4.1882
2.845	4.1878
2.85	4.1873
2.855	4.1869
2.86	4.1865
2.865	4.1861
2.87	4.1857
2.875	4.1852
2.88	4.1848
2.885	4.1844
2.89	4.184
2.895	4.1836
2.9	4.1832
2.905	4.1828
2.91	4.1824
2.915	4.182
2.92	4.1816
2.925	4.1813
2.93	4.1809
2.935	4.1805
2.94	4.1801
2.945	4.1798
2.95	4.1794
2.955	4.179
2.96	4.1786
2.965	4.1783
2.97	4.1779
2.975	4.1776
2.98	4.1772
2.985	4.1769
2.99	4.1765
2.995	4.1762
3	4.1758
3.005	4.1755
3.01	4.1751
3.015	4.1748
3.02	4.1745
3.025	4.1741
3.03	4.1738
3.035	4.1735
3.04	4.1732
3.045	4.1729
3.05	4.1725
3.055	4.1722
3.06	4.1719
3.065	4.1716
3.07	4.1713
3.075	4.171
3.08	4.1707
3.085	4.1704
3.09	4.1701
3.095	4.1698
3.1	4.1695
3.105	4.1692
3.11	4.1689
3.115	4.1686
3.12	4.1684
3.125	4.1681
3.13	4.1678
3.135	4.1675
3.14	4.1673
3.145	4.167
3.15	4.1667
3.155	4.1664
3.16	4.1662
3.165	4.1659
3.17	4.1657
3.175	4.1654
3.18	4.1651
3.185	4.1649
3.19	4.1646
3.195	4.1644
3.2	4.1641
3.205	4.1639
3.21	4.1637
3.215	4.1634
3.22	4.1632
3.225	4.1629
3.23	4.1627
3.235	4.1625
3.24	4.1622
3.245	4.162
3.25	4.1618
3.255	4.1616
3.26	4.1613
3.265	4.1611
3.27	4.1609
3.275	4.1607
3.28	4.1605
3.285	4.1602
3.29	4.16
3.295	4.1598
3.3	4.1596
3.305	4.1594
3.31	4.1592
3.315	4.159
3.32	4.1588
3.325	4.1586
3.33	4.1584
3.335	4.1582
3.34	4.158
3.345	4.1578
3.35	4.1576
3.355	4.1574
3.36	4.1573
3.365	4.1571
3.37	4.1569
3.375	4.1567
3.38	4.1565
3.385	4.1563
3.39	4.1562
3.395	4.156
3.4	4.1558
3.405	4.1556
3.41	4.1555
3.415	4.1553
3.42	4.1551
3.425	4.155
3.43	4.1548
3.435	4.1546
3.44	4.1545
3.445	4.1543
3.45	4.1541
3.455	4.154
3.46	4.1538
3.465	4.1537
3.47	4.1535
3.475	4.1534
3.48	4.1532
3.485	4.1531
3.49	4.1529
3.495	4.1528
3.5	4.1526
3.505	4.1525
3.51	4.1523
3.515	4.1522
3.52	4.152
3.525	4.1519
3.53	4.1518
3.535	4.1516
3.54	4.1515
3.545	4.1513
3.55	4.1512
3.555	4.1511
3.56	4.1509
3.565	4.1508
3.57	4.1507
3.575	4.1506
3.58	4.1504
3.585	4.1503
3.59	4.1502
3.595	4.1501
3.6	4.1499
3.605	4.1498
3.61	4.1497
3.615	4.1496
3.62	4.1495
3.625	4.1493
3.63	4.1492
3.635	4.1491
3.64	4.149
3.645	4.1489
3.65	4.1488
3.655	4.1487
3.66	4.1485
3.665	4.1484
3.67	4.1483
3.675	4.1482
3.68	4.1481
3.685	4.148
3.69	4.1479
3.695	4.1478
3.7	4.1477
3.705	4.1476
3.71	4.1475
3.715	4.1474
3.72	4.1473
3.725	4.1472
3.73	4.1471
3.735	4.147
3.74	4.1469
3.745	4.1468
3.75	4.1467
3.755	4.1466
3.76	4.1465
3.765	4.1464
3.77	4.1463
3.775	4.1462
3.78	4.1462
3.785	4.1461
3.79	4.146
3.795	4.1459
3.8	4.1458
3.805	4.1457
3.81	4.1456
3.815	4.1455
3.82	4.1455
3.825	4.1454
3.83	4.1453
3.835	4.1452
3.84	4.1451
3.845	4.1451
3.85	4.145
3.855	4.1449
3.86	4.1448
3.865	4.1447
3.87	4.1447
3.875	4.1446
3.88	4.1445
3.885	4.1444
3.89	4.1444
3.895	4.1443
3.9	4.1442
3.905	4.1441
3.91	4.1441
3.915	4.144
3.92	4.1439
3.925	4.1439
3.93	4.1438
3.935	4.1437
3.94	4.1437
3.945	4.1436
3.95	4.1435
3.955	4.1434
3.96	4.1434
3.965	4.1433
3.97	4.1432
3.975	4.1432
3.98	4.1431
3.985	4.1431
3.99	4.143
3.995	4.1429
4	4.1429
4.005	4.1428
4.01	4.1427
4.015	4.1427
4.02	4.1426
4.025	4.1426
4.03	4.1425
4.035	4.1424
4.04	4.1424
4.045	4.1423
4.05	4.1423
4.055	4.1422
4.06	4.1422
4.065	4.1421
4.07	4.142
4.075	4.142
4.08	4.1419
4.085	4.1419
4.09	4.1418
4.095	4.1418
4.1	4.1417
4.105	4.1417
4.11	4.1416
4.115	4.1416
4.12	4.1415
4.125	4.1415
4.13	4.1414
4.135	4.1413
4.14	4.1413
4.145	4.1412
4.15	4.1412
4.155	4.1411
4.16	4.1411
4.165	4.141
4.17	4.141
4.175	4.141
4.18	4.1409
4.185	4.1409
4.19	4.1408
4.195	4.1408
4.2	4.1407
4.205	4.1407
4.21	4.1406
4.215	4.1406
4.22	4.1405
4.225	4.1405
4.23	4.1404
4.235	4.1404
4.24	4.1404
4.245	4.1403
4.25	4.1403
4.255	4.1402
4.26	4.1402
4.265	4.1401
4.27	4.1401
4.275	4.14
4.28	4.14
4.285	4.14
4.29	4.1399
4.295	4.1399
4.3	4.1398
4.305	4.1398
4.31	4.1398
4.315	4.1397
4.32	4.1397
4.325	4.1396
4.33	4.1396
4.335	4.1396
4.34	4.1395
4.345	4.1395
4.35	4.1394
4.355	4.1394
4.36	4.1394
4.365	4.1393
4.37	4.1393
4.375	4.1393
4.38	4.1392
4.385	4.1392
4.39	4.1391
4.395	4.1391
4.4	4.1391
4.405	4.139
4.41	4.139
4.415	4.139
4.42	4.1389
4.425	4.1389
4.43	4.1388
4.435	4.1388
4.44	4.1388
4.445	4.1387
4.45	4.1387
4.455	4.1387
4.46	4.1386
4.465	4.1386
4.47	4.1386
4.475	4.1385
4.48	4.1385
4.485	4.1385
4.49	4.1384
4.495	4.1384
4.5	4.1384
4.505	4.1383
4.51	4.1383
4.515	4.1383
4.52	4.1382
4.525	4.1382
4.53	4.1382
4.535	4.1381
4.54	4.1381
4.545	4.1381
4.55	4.138
4.555	4.138
4.56	4.138
4.565	4.1379
4.57	4.1379
4.575	4.1379
4.58	4.1378
4.585	4.1378
4.59	4.1378
4.595	4.1378
4.6	4.1377
4.605	4.1377
4.61	4.1377
4.615	4.1376
4.62	4.1376
4.625	4.1376
4.63	4.1375
4.635	4.1375
4.64	4.1375
4.645	4.1374
4.65	4.1374
4.655	4.1374
4.66	4.1374
4.665	4.1373
4.67	4.1373
4.675	4.1373
4.68	4.1372
4.685	4.1372
4.69	4.1372
4.695	4.1372
4.7	4.1371
4.705	4.1371
4.71	4.1371
4.715	4.137
4.72	4.137
4.725	4.137
4.73	4.1369
4.735	4.1369
4.74	4.1369
4.745	4.1369
4.75	4.1368
4.755	4.1368
4.76	4.1368
4.765	4.1368
4.77	4.1367
4.775	4.1367
4.78	4.1367
4.785	4.1366
4.79	4.1366
4.795	4.1366
4.8	4.1366
4.805	4.1365
4.81	4.1365
4.815	4.1365
4.815	4.1365
4.82	4.1364
4.825	4.1364
4.83	4.1364
4.83	4.1364
4.835	4.1364
4.84	4.1363
4.845	4.1363
4.85	4.1363
4.855	4.1363
4.86	4.1362
4.865	4.1362
4.87	4.1362
4.875	4.1361
4.88	4.1361
4.885	4.1361
4.89	4.1361
4.895	4.136
4.9	4.136
4.905	4.136
4.91	4.136
4.915	4.1359
4.92	4.1359
4.925	4.1359
4.93	4.1359
4.935	4.1358
4.94	4.1358
4.945	4.1358
4.95	4.1358
4.955	4.1357
4.96	4.1357
4.965	4.1357
4.97	4.1356
4.975	4.1356
4.98	4.1356
4.985	4.1356
4.99	4.1355
4.995	4.1355
5	4.1355
5	4.1355
