time	VDrop6
0	2.5764
0.01	2.576378
0.02	2.57637
0.03	2.576364
0.04	2.576344
0.05	2.576338
0.06	2.576324
0.07	2.576322
0.08	2.576318
0.09	2.576318
0.1	2.576316
0.11	2.576316
0.12	2.576314
0.13	2.576314
0.14	2.576314
0.15	2.576314
0.16	2.576314
0.17	2.576316
0.18	2.576316
0.19	2.576316
0.2	2.576316
0.21	2.576316
0.22	2.576316
0.23	2.576316
0.24	2.576316
0.25	2.576316
0.26	2.576316
0.27	2.576316
0.28	2.576316
0.29	2.576322
0.3	2.576324
0.31	2.576324
0.32	2.576326
0.33	2.57633
0.34	2.57633
0.35	2.57633
0.36	2.576334
0.37	2.576338
0.38	2.576342
0.39	2.576346
0.4	2.57635
0.41	2.576352
0.42	2.576354
0.43	2.576356
0.44	2.576358
0.45	2.576362
0.46	2.576364
0.47	2.576366
0.48	2.576368
0.49	2.576368
0.5	2.576374
0.51	2.576376
0.52	2.576378
0.53	2.576386
0.54	2.576386
0.55	2.576388
0.56	2.57639
0.57	2.57639
0.58	2.57639
0.59	2.57639
0.6	2.576392
0.61	2.576394
0.62	2.576394
0.63	2.576394
0.64	2.576396
0.65	2.576398
0.66	2.576398
0.67	2.576402
0.68	2.576402
0.69	2.576404
0.7	2.576404
0.71	2.576404
0.72	2.576404
0.73	2.576406
0.74	2.576408
0.75	2.576408
0.76	2.576408
0.77	2.576408
0.78	2.576408
0.79	2.57641
0.8	2.57641
0.81	2.57641
0.82	2.57641
0.83	2.576412
0.84	2.576412
0.85	2.576412
0.86	2.576414
0.87	2.576416
0.88	2.576418
0.89	2.576418
0.9	2.57642
0.91	2.57642
0.92	2.57642
0.93	2.57642
0.94	2.576422
0.95	2.576424
0.96	2.576426
0.97	2.576426
0.98	2.576432
0.99	2.576432
1	0.01953
1.01	-0.07564
1.02	-0.073242
1.03	-0.068004
1.04	-0.063954
1.05	-0.061162
1.06	-0.059296
1.07	-0.058168
1.08	-0.057588
1.09	-0.057462
1.1	-0.057748
1.11	-0.058392
1.12	-0.059366
1.13	-0.06065
1.14	-0.06222
1.15	-0.064074
1.16	0.189954
1.17	0.2444
1.18	0.272184
1.19	0.32095
1.2	2.659272
1.21	2.991414
1.22	3.072715
1.23	3.1333365
1.24	3.1820295
1.25	3.220412
1.26	3.252155
1.27	3.2787655
1.28	3.301203
1.29	3.32083
1.3	3.337923
1.31	3.353002
1.32	3.3671605
1.33	3.3800295
1.34	3.391869
1.35	3.402619
1.36	3.4124805
1.37	3.421658
1.38	3.430285
1.39	3.4383665
1.4	3.445893
1.41	3.4529835
1.42	3.459767
1.43	3.466217
1.44	3.4723945
1.45	3.478509
1.46	3.484474
1.47	3.4901785
1.48	3.4957045
1.49	3.5010715
1.5	3.50631
1.51	3.511313
1.52	3.5161015
1.53	3.5207085
1.54	3.525099
1.55	3.5293675
1.56	3.5334305
1.57	3.537311
1.58	3.541
1.59	3.5444395
1.6	3.547587
1.61	3.5504275
1.62	3.552974
1.63	3.555376
1.64	3.557583
1.65	3.559541
1.66	3.5613955
1.67	3.563103
1.68	3.5646855
1.69	3.5661225
1.7	3.5674535
1.71	3.568689
1.72	3.569819
1.73	3.5708745
1.74	3.5717425
1.75	3.572512
1.76	3.573167
1.77	3.573737
1.78	3.5742245
1.79	3.5746205
1.8	3.574905
1.81	3.575092
1.82	3.575206
1.83	3.575257
1.84	3.575248
1.85	3.5751965
1.86	3.575076
1.87	3.5749055
1.88	3.5747025
1.89	3.5744525
1.9	3.574147
1.91	3.5738155
1.92	3.573442
1.93	3.573033
1.94	3.57259
1.95	3.572111
1.96	3.5716015
1.97	3.5710675
1.98	3.5705035
1.99	3.5699185
2	3.5693205
2.01	3.5686785
2.02	3.5680275
2.03	3.567342
2.04	3.5666505
2.05	3.565945
2.06	3.5652145
2.07	3.5644675
2.08	3.56371
2.09	3.562939
2.1	3.562151
2.11	3.561353
2.12	3.560539
2.13	3.5597145
2.14	3.558874
2.15	3.5580195
2.16	3.5571485
2.17	3.556253
2.18	3.5553515
2.19	3.5544425
2.2	3.553509
2.21	3.552573
2.22	3.551633
2.23	3.5506875
2.24	3.5497425
2.25	3.548788
2.26	3.5478235
2.27	3.546872
2.28	3.545913
2.29	3.544946
2.3	3.543972
2.31	3.5430185
2.32	3.5420435
2.33	3.541067
2.34	3.5401035
2.35	3.539123
2.36	3.538152
2.37	3.5371795
2.38	3.536212
2.39	3.5352395
2.4	3.534288
2.41	3.5333435
2.42	3.5323915
2.43	3.5314445
2.44	3.530508
2.45	3.52956
2.46	3.5286265
2.47	3.52769
2.48	3.52676
2.49	3.5258335
2.5	3.5249215
2.51	3.5240055
2.52	3.523083
2.53	3.5221715
2.54	3.5212875
2.55	3.520407
2.56	3.519531
2.57	3.518662
2.58	3.5178
2.59	3.5169505
2.6	3.516103
2.61	3.5152565
2.62	3.514419
2.63	3.513587
2.64	3.5127635
2.65	3.511947
2.66	3.5111235
2.67	3.5103205
2.68	3.509515
2.69	3.50873
2.7	3.507948
2.71	3.5071615
2.72	3.506384
2.73	3.505618
2.74	3.5049335
2.75	3.5042075
2.76	3.5035035
2.77	3.502791
2.78	3.502076
2.79	3.5013845
2.8	3.5007145
2.81	3.50003
2.82	3.4993645
2.83	3.4986975
2.84	3.4980445
2.85	3.497384
2.86	3.4967365
2.87	3.496104
2.88	3.495458
2.89	3.4948445
2.9	3.494227
2.91	3.493621
2.92	3.4930115
2.93	3.4924185
2.94	3.4918355
2.95	3.4912305
2.96	3.4906685
2.97	3.490097
2.98	3.489523
2.99	3.4889525
3	3.4884135
3.01	3.4878565
3.02	3.487325
3.03	3.4867785
3.04	3.486253
3.05	3.4857395
3.06	3.4852275
3.07	3.484724
3.08	3.484207
3.09	3.4837195
3.1	3.483224
3.11	3.482733
3.12	3.4822615
3.13	3.4817805
3.14	3.4813295
3.15	3.4808625
3.16	3.480416
3.17	3.479965
3.18	3.479525
3.19	3.479095
3.2	3.4786655
3.21	3.478238
3.22	3.4778205
3.23	3.477415
3.24	3.4770075
3.25	3.4766035
3.26	3.4762065
3.27	3.4758205
3.28	3.475429
3.29	3.475051
3.3	3.4746785
3.31	3.4743005
3.32	3.473932
3.33	3.473577
3.34	3.473216
3.35	3.47287
3.36	3.4725215
3.37	3.4721795
3.38	3.4718355
3.39	3.4715035
3.4	3.4711795
3.41	3.47086
3.42	3.470536
3.43	3.470221
3.44	3.469913
3.45	3.469611
3.46	3.4693075
3.47	3.469008
3.48	3.468712
3.49	3.468422
3.5	3.468149
3.51	3.467868
3.52	3.467593
3.53	3.4673185
3.54	3.46705
3.55	3.4667865
3.56	3.466529
3.57	3.466276
3.58	3.466018
3.59	3.4657725
3.6	3.4655295
3.61	3.465297
3.62	3.4650515
3.63	3.46481
3.64	3.464586
3.65	3.4643605
3.66	3.4641385
3.67	3.4639165
3.68	3.463693
3.69	3.4634835
3.7	3.4632735
3.71	3.4630595
3.72	3.4628575
3.73	3.462663
3.74	3.4624655
3.75	3.462262
3.76	3.4620705
3.77	3.4618875
3.78	3.4617035
3.79	3.461518
3.8	3.4613395
3.81	3.4611585
3.82	3.4609825
3.83	3.460807
3.84	3.4606435
3.85	3.46047
3.86	3.4603015
3.87	3.4601435
3.88	3.459987
3.89	3.4598265
3.9	3.4596675
3.91	3.45951
3.92	3.459364
3.93	3.4592145
3.94	3.4590655
3.95	3.458931
3.96	3.4587755
3.97	3.458638
3.98	3.4584995
3.99	3.458373
4	3.458234
4.01	3.4581005
4.02	3.45797
4.03	3.457837
4.04	3.4577115
4.05	3.457589
4.06	3.457467
4.07	3.457344
4.08	3.4572285
4.09	3.4571135
4.1	3.4569965
4.11	3.4568725
4.12	3.4567635
4.13	3.4566625
4.14	3.456549
4.15	3.4564425
4.16	3.456336
4.17	3.4562335
4.18	3.4561255
4.19	3.456026
4.2	3.455928
4.21	3.455834
4.22	3.4557345
4.23	3.455644
4.24	3.455547
4.25	3.455452
4.26	3.4553575
4.27	3.4552665
4.28	3.4551775
4.29	3.4550875
4.3	3.4550005
4.31	3.454916
4.32	3.454833
4.33	3.4547465
4.34	3.4546685
4.35	3.454585
4.36	3.4545
4.37	3.454423
4.38	3.454345
4.39	3.454261
4.4	3.4541965
4.41	3.454115
4.42	3.4540475
4.43	3.453975
4.44	3.4538955
4.45	3.4538235
4.46	3.453764
4.47	3.45369
4.48	3.453618
4.49	3.453553
4.5	3.453489
4.51	3.453429
4.52	3.453357
4.53	3.453297
4.54	3.453236
4.55	3.453165
4.56	3.453109
4.57	3.453045
4.58	3.4529865
4.59	3.4529275
4.6	3.4528675
4.61	3.45281
4.62	3.452761
4.63	3.452699
4.64	3.452642
4.65	3.452586
4.66	3.452531
4.67	3.452472
4.68	3.452421
4.69	3.4523705
4.7	3.4523185
4.71	3.4522645
4.72	3.452218
4.73	3.45217
4.74	3.452116
4.75	3.4520695
4.76	3.4520225
4.77	3.4519665
4.78	3.451924
4.79	3.4518775
4.8	3.451823
4.81	3.451784
4.82	3.4517395
4.83	3.451688
4.84	3.451654
4.85	3.451601
4.86	3.451557
4.87	3.451511
4.88	3.45148
4.89	3.451431
4.9	3.451387
4.91	3.451348
4.92	3.4513125
4.93	3.451268
4.94	3.451222
4.95	3.451185
4.96	3.451142
4.97	3.451115
4.98	3.451063
4.99	3.451031
5	3.450986
